=== Run information ===

Scheme:weka.classifiers.bayes.ComplementNaiveBayes -S 1.0
Relation:     opinion-weka.filters.unsupervised.attribute.StringToWordVector-R1-W1000-prune-rate-1.0-N0-stemmerweka.core.stemmers.NullStemmer-M1-O-tokenizerweka.core.tokenizers.WordTokenizer -delimiters " \r\n\t.,;:\'\"()?!"
Instances:    7230
Attributes:   1093
[list of attributes omitted]
Test mode:10-fold cross-validation

=== Classifier model (full training set) ===

The word weights for each class are: 
------------------------------------
	positive	negative	neutral	objective	
numberOfQuestionMark	-3.5999517632034306	-3.9401249599670076	-4.008913905113815	-3.855544049086733	
numberOfExclaimationMark	-3.221325326705338	-2.5570720927712878	-2.57150504985717	-2.5598445150175477	
numberOfPositiveEmoticon	-6.720426923348865	-4.949032630049844	-4.939006236203958	-4.972558794116528	
numberOfNegativeEmoticon	-6.198237540932559	-7.553202700664662	-6.663587167675302	-6.54176139435873	
category	0.0	0.0	0.0	0.0	
numberOfPositiveWords	-2.612837134376744	-2.248903262439078	-2.248839055870968	-2.257106923071821	
numberOfNegativeWords	-2.682400791716988	-3.199575540512478	-2.9450666372648975	-2.9086328943168627	
numberOfNeutralWords	-4.118795999252724	-4.156013340400046	-4.161873399570919	-4.100026916435938	
#dexter	-8.666337072404179	-8.133021195917605	-8.102067281965763	-8.031852549160265	
#fb	-8.078550407502059	-8.207129168071326	-8.102067281965763	-8.031852549160265	
$5	-7.4425616407820625	-7.827639546366422	-8.102067281965763	-8.406545998601676	
&	-4.7786067595450765	-4.847822728118331	-4.84672177731617	-4.907287403763305	
+	-7.790868335050279	-7.8817067676366985	-7.907911267524804	-8.165383941784787	
-	-4.659003887171708	-4.758363369490061	-4.857802223092742	-4.990310739574979	
--	-7.503186262598498	-7.681036072174547	-7.96853588934124	-8.031852549160265	
/	-7.056899159970078	-7.72755608780944	-7.483028073559539	-7.472236761224841	
0	-7.710825627376742	-7.8817067676366985	-7.74539233802703	-8.239491913938508	
00	-7.331336005671838	-7.776346251978872	-7.850752853684856	-8.239491913938508	
000	-7.710825627376742	-8.207129168071326	-8.543900034244801	-8.406545998601676	
1	-5.945041644551948	-6.108639431420795	-6.275216492926437	-6.219473792729473	
10	-6.363751979410132	-6.481619084384472	-6.5216169064049145	-6.677306886354954	
100	-8.329864835782965	-8.287171875744862	-8.176175254119483	-8.406545998601676	
10pm	-8.329864835782965	-8.207129168071326	-8.25621796179302	-8.406545998601676	
10th	-6.9799381188339495	-7.083199071418926	-7.157605673124911	-7.40324388973789	
11	-7.385403226942114	-7.5139819875113805	-7.696602173857598	-7.668947055470896	
11th	-7.63671765522302	-7.776346251978872	-7.96853588934124	-7.971227927343829	
12	-7.231252547114856	-7.188559587076753	-7.2753887087812945	-7.338705368600319	
12th	-8.078550407502059	-7.9994898032930815	-7.907911267524804	-8.501856178406	
13th	-7.385403226942114	-7.681036072174547	-7.907911267524804	-7.860002292233605	
14	-7.63671765522302	-7.9994898032930815	-8.033074410478811	-8.031852549160265	
14th	-7.385403226942114	-7.636584309603713	-7.52224878671282	-7.713398818041729	
15	-7.184732531479963	-7.034408907249494	-7.157605673124911	-7.40324388973789	
15th	-7.973189891844233	-7.636584309603713	-7.907911267524804	-7.668947055470896	
16	-7.231252547114856	-7.161160612888638	-7.2753887087812945	-7.585565446531844	
16th	-8.484015515610224	-8.207129168071326	-8.102067281965763	-8.031852549160265	
17	-7.710825627376742	-7.776346251978872	-8.033074410478811	-8.239491913938508	
17th	-7.790868335050279	-7.827639546366422	-7.605630395651871	-7.860002292233605	
18	-7.790868335050279	-7.8817067676366985	-8.033074410478811	-8.031852549160265	
18th	-8.078550407502059	-7.72755608780944	-7.850752853684856	-7.860002292233605	
19	-7.710825627376742	-7.938865181476647	-7.96853588934124	-8.096391070297836	
19th	-7.567724783736069	-7.5139819875113805	-7.850752853684856	-7.668947055470896	
1st	-4.972470076779203	-5.24264943802144	-5.188165026659403	-5.138014583287613	
2	-5.355794059010154	-5.468773617473787	-5.51537793786782	-5.61705546555929	
20	-7.280042711284287	-7.594024695184917	-7.96853588934124	-7.713398818041729	
2011	-8.196333443158442	-8.287171875744862	-8.176175254119483	-8.501856178406	
2012	-6.041668480241019	-6.294741711054656	-6.597989885189488	-6.761390003565495	
2013	-7.790868335050279	-7.9994898032930815	-8.25621796179302	-8.319534621612044	
20th	-8.196333443158442	-8.064028324430653	-8.25621796179302	-8.406545998601676	
21	-7.790868335050279	-8.133021195917605	-8.25621796179302	-8.406545998601676	
21st	-7.790868335050279	-7.8817067676366985	-8.102067281965763	-7.808708997846054	
22	-7.503186262598498	-7.553202700664662	-7.850752853684856	-7.971227927343829	
23	-7.567724783736069	-7.681036072174547	-8.102067281965763	-8.031852549160265	
24	-7.790868335050279	-7.827639546366422	-8.033074410478811	-8.096391070297836	
25	-7.503186262598498	-7.476241659528534	-7.4452877455766915	-7.759918833676623	
25th	-7.877879712039908	-7.681036072174547	-7.907911267524804	-7.808708997846054	
26	-7.140280768909129	-7.439874015357659	-7.6500821582227045	-7.914069513503881	
26th	-7.710825627376742	-7.827639546366422	-7.907911267524804	-7.914069513503881	
27	-7.567724783736069	-7.827639546366422	-8.176175254119483	-8.165383941784787	
27th	-8.078550407502059	-7.8817067676366985	-7.96853588934124	-8.096391070297836	
28	-7.184732531479963	-7.636584309603713	-7.850752853684856	-8.239491913938508	
28th	-8.484015515610224	-7.938865181476647	-8.176175254119483	-8.031852549160265	
29	-8.078550407502059	-8.064028324430653	-8.176175254119483	-8.607216694063826	
29th	-8.196333443158442	-8.207129168071326	-8.34322933878265	-8.406545998601676	
2nd	-5.513601050040522	-5.7031743233126315	-5.63517913768044	-5.710691070593283	
3	-5.764915478321429	-5.889276602946492	-5.962001118469492	-6.141002177287978	
30	-6.232723717003728	-6.415369698843271	-6.437059518376851	-6.584933566223938	
30pm	-8.329864835782965	-7.72755608780944	-7.79668563241458	-7.971227927343829	
30th	-8.078550407502059	-8.207129168071326	-8.033074410478811	-8.607216694063826	
3rd	-5.809866866183695	-6.001393901067198	-5.91281087427872	-5.960254184941454	
4	-6.071082365447313	-6.089947298408643	-6.049776729351877	-6.189320754558786	
40	-8.484015515610224	-8.207129168071326	-8.543900034244801	-8.319534621612044	
4th	-6.071082365447313	-6.261219019016012	-6.230265105064171	-6.2935817648831955	
5	-6.148640599793187	-6.329427269042546	-6.359097976907139	-6.500376178195875	
50	-7.385403226942114	-8.207129168071326	-8.033074410478811	-8.096391070297836	
5th	-6.874577603176124	-6.880258227422236	-6.733791426348549	-6.834149357847924	
6	-6.232723717003728	-6.390051890858981	-6.5216169064049145	-6.61478652937362	
6pm	-7.63671765522302	-7.938865181476647	-8.438539518586975	-8.406545998601676	
6th	-6.9799381188339495	-7.1344923658064765	-7.130206698936797	-7.278080746783884	
7	-6.148640599793187	-6.441345185246532	-6.536431992190055	-6.570334766802786	
7pm	-8.196333443158442	-7.9994898032930815	-8.438539518586975	-8.096391070297836	
7th	-7.280042711284287	-7.108516879403216	-7.214764086964859	-7.1935233587558205	
8	-6.562202918133971	-6.644944140487771	-6.86992360067313	-6.872615638675719	
8pm	-7.790868335050279	-7.553202700664662	-7.74539233802703	-7.860002292233605	
8th	-6.908479154851805	-7.4047826955463885	-7.563070781233075	-7.6263874410521	
9	-7.097721154490333	-6.9654160357625425	-7.003454993297653	-7.1935233587558205	
9th	-7.140280768909129	-7.594024695184917	-7.6500821582227045	-7.585565446531844	
<3	-8.484015515610224	-7.083199071418926	-7.003454993297653	-7.066771653116677	
=	-8.484015515610224	-7.5139819875113805	-7.52224878671282	-7.585565446531844	
>	-8.484015515610224	-8.287171875744862	-8.102067281965763	-8.165383941784787	
@	-6.071082365447313	-6.009904590735107	-6.298473355090705	-6.282652694351005	
@justinbieber	-9.17716269617017	-8.207129168071326	-8.033074410478811	-8.096391070297836	
@youtube	-8.078550407502059	-7.8817067676366985	-8.033074410478811	-8.031852549160265	
a	-6.841787780353132	-7.108516879403216	-7.157605673124911	-7.307933709933565	
aaron	-8.078550407502059	-8.287171875744862	-8.176175254119483	-8.319534621612044	
ace	-8.666337072404179	-8.064028324430653	-8.176175254119483	-8.239491913938508	
action	-7.567724783736069	-7.827639546366422	-8.033074410478811	-8.319534621612044	
africa	-7.710825627376742	-8.207129168071326	-8.25621796179302	-8.406545998601676	
afternoon	-7.503186262598498	-7.776346251978872	-7.907911267524804	-7.668947055470896	
again	-7.231252547114856	-7.083199071418926	-7.244617050114541	-7.066771653116677	
ago	-7.280042711284287	-7.553202700664662	-8.176175254119483	-7.508604405395716	
ahead	-7.710825627376742	-7.681036072174547	-7.696602173857598	-7.808708997846054	
aint	-7.4425616407820625	-8.133021195917605	-7.79668563241458	-7.668947055470896	
air	-7.790868335050279	-8.133021195917605	-8.438539518586975	-8.031852549160265	
aladdin	-8.666337072404179	-8.207129168071326	-8.543900034244801	-8.239491913938508	
album	-7.231252547114856	-7.058506458828555	-7.130206698936797	-7.1935233587558205	
all	-8.196333443158442	-7.776346251978872	-7.696602173857598	-7.759918833676623	
all-star	-7.973189891844233	-8.287171875744862	-8.438539518586975	-8.165383941784787	
already	-8.196333443158442	-8.133021195917605	-8.176175254119483	-7.971227927343829	
am	-8.196333443158442	-8.287171875744862	-8.34322933878265	-8.096391070297836	
amanda	-7.790868335050279	-8.207129168071326	-8.438539518586975	-8.406545998601676	
amazing	-8.889480623718388	-6.9008775146249715	-6.849304313470395	-6.892418265971899	
america	-7.331336005671838	-7.636584309603713	-7.6500821582227045	-7.6263874410521	
american	-7.385403226942114	-7.72755608780944	-7.907911267524804	-7.808708997846054	
anarchy	-8.889480623718388	-7.938865181476647	-7.96853588934124	-8.096391070297836	
and	-7.280042711284287	-7.553202700664662	-7.307137407095874	-7.40324388973789	
anderson	-7.63671765522302	-7.594024695184917	-7.605630395651871	-7.759918833676623	
andy	-7.4425616407820625	-7.681036072174547	-7.79668563241458	-7.914069513503881	
anniversary	-7.184732531479963	-7.439874015357659	-7.483028073559539	-7.40324388973789	
announced	-7.710825627376742	-7.636584309603713	-7.850752853684856	-7.860002292233605	
annual	-7.877879712039908	-7.594024695184917	-7.79668563241458	-7.860002292233605	
anthony	-7.973189891844233	-8.287171875744862	-8.543900034244801	-8.319534621612044	
app	-7.790868335050279	-8.133021195917605	-8.25621796179302	-8.406545998601676	
apple	-7.280042711284287	-7.9994898032930815	-7.696602173857598	-7.713398818041729	
april	-7.097721154490333	-7.476241659528534	-7.52224878671282	-7.759918833676623	
are	-8.196333443158442	-8.287171875744862	-8.34322933878265	-8.096391070297836	
area	-7.790868335050279	-8.287171875744862	-8.34322933878265	-8.406545998601676	
arena	-7.973189891844233	-8.133021195917605	-8.25621796179302	-8.501856178406	
army	-8.078550407502059	-8.287171875744862	-8.033074410478811	-8.501856178406	
arsenal	-7.503186262598498	-7.636584309603713	-7.6500821582227045	-7.759918833676623	
art	-7.877879712039908	-7.72755608780944	-7.907911267524804	-7.914069513503881	
ash	-7.790868335050279	-8.374183252734491	-7.907911267524804	-8.096391070297836	
asked	-7.4425616407820625	-8.133021195917605	-8.34322933878265	-7.860002292233605	
ass	-7.331336005671838	-7.938865181476647	-7.339927229918866	-7.370454066914899	
at	-8.329864835782965	-8.133021195917605	-8.25621796179302	-8.239491913938508	
auburn	-8.329864835782965	-8.133021195917605	-8.176175254119483	-8.319534621612044	
aug	-7.184732531479963	-7.4047826955463885	-7.79668563241458	-7.6263874410521	
august	-6.908479154851805	-6.764745340300392	-6.849304313470395	-7.220922332943935	
austin	-8.329864835782965	-8.574853948196644	-8.34322933878265	-8.239491913938508	
australia	-7.63671765522302	-8.287171875744862	-8.543900034244801	-8.406545998601676	
australian	-8.078550407502059	-8.064028324430653	-8.34322933878265	-8.406545998601676	
avril	-7.790868335050279	-8.207129168071326	-7.696602173857598	-7.914069513503881	
award	-8.666337072404179	-7.636584309603713	-7.605630395651871	-7.713398818041729	
awards	-7.231252547114856	-7.108516879403216	-7.339927229918866	-7.278080746783884	
awesome	-8.078550407502059	-6.820834806951435	-6.809298978856695	-6.815457224835771	
baby	-8.196333443158442	-7.370881143870707	-7.307137407095874	-7.370454066914899	
back	-7.877879712039908	-7.776346251978872	-7.563070781233075	-7.6263874410521	
bad	-6.404573973930388	-7.4047826955463885	-6.613990226535929	-6.661306545008513	
ball	-7.503186262598498	-7.827639546366422	-7.563070781233075	-7.808708997846054	
band	-7.331336005671838	-7.034408907249494	-7.003454993297653	-6.997778781629726	
bank	-7.877879712039908	-8.207129168071326	-8.34322933878265	-8.406545998601676	
bar	-8.078550407502059	-7.9994898032930815	-7.96853588934124	-7.971227927343829	
barcelona	-7.790868335050279	-8.374183252734491	-8.102067281965763	-8.096391070297836	
bay	-7.567724783736069	-7.72755608780944	-7.907911267524804	-7.971227927343829	
bday	-8.196333443158442	-7.938865181476647	-7.850752853684856	-7.914069513503881	
beach	-7.877879712039908	-7.9994898032930815	-8.102067281965763	-8.406545998601676	
beat	-7.973189891844233	-7.161160612888638	-7.103538451854635	-7.066771653116677	
beautiful	-8.329864835782965	-7.439874015357659	-7.52224878671282	-7.472236761224841	
bed	-7.790868335050279	-7.594024695184917	-7.79668563241458	-7.508604405395716	
bell	-7.877879712039908	-7.938865181476647	-8.176175254119483	-8.165383941784787	
ben	-7.973189891844233	-8.207129168071326	-8.25621796179302	-8.406545998601676	
best	-7.056899159970078	-5.788471903824527	-5.737178305635561	-5.7610161544807985	
better	-6.749414460222117	-6.317731229279355	-6.208525118427765	-6.169712283170409	
bieber	-8.329864835782965	-7.9994898032930815	-8.34322933878265	-8.096391070297836	
big	-6.2684417996058075	-5.874238725581951	-5.889094347661404	-5.906601471449134	
biggest	-8.078550407502059	-7.72755608780944	-7.6500821582227045	-7.759918833676623	
bill	-7.63671765522302	-7.938865181476647	-7.96853588934124	-7.971227927343829	
billy	-7.790868335050279	-7.9994898032930815	-8.661683069901185	-8.031852549160265	
bionic	-7.973189891844233	-7.9994898032930815	-8.176175254119483	-8.239491913938508	
birthday	-7.280042711284287	-6.207730334065026	-6.230265105064171	-6.2297302928966625	
bit	-7.280042711284287	-7.439874015357659	-7.4452877455766915	-7.278080746783884	
bjp	-8.196333443158442	-8.826168376477549	-8.661683069901185	-8.406545998601676	
black	-6.404573973930388	-6.694541081627143	-6.733791426348549	-6.853197552818618	
blanche	-7.973189891844233	-8.133021195917605	-8.34322933878265	-8.165383941784787	
blog	-7.877879712039908	-7.8817067676366985	-8.176175254119483	-8.239491913938508	
blood	-8.078550407502059	-8.287171875744862	-8.176175254119483	-8.096391070297836	
blue	-8.196333443158442	-7.72755608780944	-7.96853588934124	-7.860002292233605	
blues	-7.710825627376742	-8.064028324430653	-8.102067281965763	-8.031852549160265	
board	-8.196333443158442	-8.133021195917605	-8.25621796179302	-8.319534621612044	
boehner	-7.710825627376742	-8.692636983853026	-8.176175254119483	-8.319534621612044	
book	-7.4425616407820625	-7.338091321047717	-7.339927229918866	-7.370454066914899	
born	-7.790868335050279	-8.133021195917605	-8.25621796179302	-8.165383941784787	
bought	-7.790868335050279	-8.374183252734491	-8.34322933878265	-8.319534621612044	
bowl	-7.63671765522302	-7.553202700664662	-7.563070781233075	-7.585565446531844	
box	-8.078550407502059	-8.692636983853026	-8.543900034244801	-8.406545998601676	
boy	-7.877879712039908	-7.338091321047717	-7.339927229918866	-7.472236761224841	
boys	-7.567724783736069	-7.083199071418926	-7.052245157467085	-7.090869204695737	
break	-7.503186262598498	-7.776346251978872	-7.850752853684856	-7.585565446531844	
breakfast	-8.078550407502059	-7.9994898032930815	-7.907911267524804	-8.031852549160265	
breaking	-7.790868335050279	-8.287171875744862	-8.102067281965763	-8.165383941784787	
bridge	-8.078550407502059	-8.207129168071326	-8.176175254119483	-8.406545998601676	
brilliant	-8.889480623718388	-7.8817067676366985	-7.696602173857598	-7.759918833676623	
bring	-7.097721154490333	-7.083199071418926	-7.244617050114541	-7.140879625270399	
bringing	-8.196333443158442	-8.133021195917605	-8.176175254119483	-8.72499972972021	
brit	-8.666337072404179	-8.064028324430653	-8.176175254119483	-8.239491913938508	
bro	-7.567724783736069	-8.207129168071326	-8.102067281965763	-8.031852549160265	
brooklyn	-7.63671765522302	-8.064028324430653	-7.850752853684856	-8.406545998601676	
brother	-7.877879712039908	-7.681036072174547	-7.6500821582227045	-7.508604405395716	
brown	-8.329864835782965	-8.207129168071326	-8.661683069901185	-8.319534621612044	
bulls	-8.666337072404179	-8.133021195917605	-8.102067281965763	-8.031852549160265	
bus	-7.710825627376742	-8.064028324430653	-8.543900034244801	-8.096391070297836	
business	-7.63671765522302	-7.938865181476647	-8.25621796179302	-8.096391070297836	
busy	-7.877879712039908	-8.287171875744862	-8.25621796179302	-8.165383941784787	
but	-8.078550407502059	-7.827639546366422	-7.79668563241458	-7.668947055470896	
buy	-6.908479154851805	-7.083199071418926	-7.244617050114541	-7.1935233587558205	
c	-7.567724783736069	-7.776346251978872	-7.79668563241458	-8.239491913938508	
cake	-7.973189891844233	-7.681036072174547	-7.850752853684856	-7.668947055470896	
call	-6.874577603176124	-7.4047826955463885	-7.52224878671282	-7.1935233587558205	
called	-7.385403226942114	-7.827639546366422	-7.696602173857598	-7.6263874410521	
camp	-7.790868335050279	-8.207129168071326	-8.176175254119483	-8.72499972972021	
cancelled	-7.331336005671838	-8.826168376477549	-7.6500821582227045	-7.713398818041729	
candy	-7.877879712039908	-8.064028324430653	-7.79668563241458	-7.860002292233605	
cant	-6.101387714942642	-5.613023226318334	-5.384538336909008	-5.401763889527766	
captain	-8.196333443158442	-8.133021195917605	-8.102067281965763	-8.239491913938508	
car	-8.196333443158442	-8.207129168071326	-8.25621796179302	-8.031852549160265	
card	-7.63671765522302	-7.9994898032930815	-7.96853588934124	-7.914069513503881	
care	-7.385403226942114	-7.594024695184917	-7.373828781594547	-7.437145441413572	
career	-8.078550407502059	-7.938865181476647	-8.176175254119483	-8.031852549160265	
carter	-7.184732531479963	-7.827639546366422	-7.4452877455766915	-7.546344733378564	
case	-7.4425616407820625	-7.938865181476647	-7.96853588934124	-7.808708997846054	
cast	-7.973189891844233	-7.636584309603713	-7.74539233802703	-7.808708997846054	
catch	-7.056899159970078	-7.439874015357659	-7.563070781233075	-7.546344733378564	
celebrate	-8.484015515610224	-7.8817067676366985	-7.907911267524804	-7.808708997846054	
celebration	-9.582627804278333	-8.064028324430653	-8.102067281965763	-8.096391070297836	
celebrity	-8.484015515610224	-7.594024695184917	-7.605630395651871	-7.668947055470896	
center	-6.779267423371799	-6.801786611980741	-6.890977009870962	-6.997778781629726	
central	-7.973189891844233	-7.776346251978872	-7.74539233802703	-7.971227927343829	
centre	-7.973189891844233	-8.287171875744862	-8.033074410478811	-8.096391070297836	
ceo	-7.4425616407820625	-8.064028324430653	-8.102067281965763	-8.096391070297836	
challenge	-8.196333443158442	-8.287171875744862	-8.34322933878265	-8.096391070297836	
championship	-8.078550407502059	-8.207129168071326	-8.033074410478811	-8.607216694063826	
chance	-7.056899159970078	-7.188559587076753	-7.244617050114541	-7.066771653116677	
change	-7.973189891844233	-8.692636983853026	-8.176175254119483	-8.096391070297836	
channel	-7.63671765522302	-7.827639546366422	-7.696602173857598	-7.860002292233605	
charles	-8.196333443158442	-7.8817067676366985	-8.102067281965763	-7.914069513503881	
charlie	-7.973189891844233	-8.469493432538817	-8.543900034244801	-8.72499972972021	
check	-6.363751979410132	-6.495412406516808	-6.582241528221349	-6.797108086167574	
chelsea	-7.973189891844233	-8.374183252734491	-8.102067281965763	-8.165383941784787	
chinese	-8.329864835782965	-8.133021195917605	-8.25621796179302	-8.501856178406	
choice	-7.710825627376742	-7.938865181476647	-7.96853588934124	-7.759918833676623	
christmas	-7.567724783736069	-7.827639546366422	-8.033074410478811	-7.914069513503881	
church	-7.503186262598498	-7.439874015357659	-7.483028073559539	-7.508604405395716	
city	-6.538105366554911	-6.694541081627143	-6.733791426348549	-6.645558188040374	
class	-7.056899159970078	-7.2457180009167015	-7.1857765500916075	-7.140879625270399	
classic	-7.63671765522302	-7.681036072174547	-7.6500821582227045	-7.914069513503881	
cliff	-8.484015515610224	-8.980319056304808	-8.34322933878265	-8.406545998601676	
close	-7.4425616407820625	-7.681036072174547	-7.74539233802703	-7.668947055470896	
cloud	-7.973189891844233	-8.374183252734491	-8.949365142352965	-8.858531122344733	
club	-6.586895530724343	-6.597691255637225	-6.733791426348549	-6.933240260492155	
cmon	-6.810039082038553	-7.636584309603713	-7.4452877455766915	-7.220922332943935	
coach	-7.790868335050279	-8.207129168071326	-8.033074410478811	-8.096391070297836	
cohen	-8.484015515610224	-7.9994898032930815	-8.176175254119483	-8.165383941784787	
cold	-7.710825627376742	-8.469493432538817	-8.25621796179302	-8.165383941784787	
college	-7.385403226942114	-7.4047826955463885	-7.483028073559539	-7.508604405395716	
colts	-8.329864835782965	-7.8817067676366985	-8.033074410478811	-7.914069513503881	
come	-8.196333443158442	-7.827639546366422	-7.850752853684856	-7.860002292233605	
comedy	-8.484015515610224	-7.72755608780944	-7.6500821582227045	-7.759918833676623	
coming	-6.164901120664967	-6.108639431420795	-6.166413633077638	-6.141002177287978	
concert	-6.9799381188339495	-6.613195442173191	-6.752140565016746	-6.710096709177945	
conference	-7.877879712039908	-7.938865181476647	-8.34322933878265	-8.239491913938508	
confirmed	-7.63671765522302	-7.938865181476647	-8.102067281965763	-8.858531122344733	
congrats	-9.582627804278333	-7.476241659528534	-7.483028073559539	-7.508604405395716	
congratulations	-9.17716269617017	-8.287171875744862	-8.102067281965763	-8.165383941784787	
cont	-8.078550407502059	-8.469493432538817	-8.25621796179302	-8.319534621612044	
cook	-7.790868335050279	-8.133021195917605	-7.96853588934124	-8.031852549160265	
cool	-8.484015515610224	-7.275570964066382	-7.214764086964859	-7.220922332943935	
country	-7.877879712039908	-7.827639546366422	-7.74539233802703	-7.668947055470896	
course	-8.666337072404179	-8.064028324430653	-8.033074410478811	-7.971227927343829	
court	-7.877879712039908	-8.374183252734491	-8.543900034244801	-8.607216694063826	
cover	-8.078550407502059	-7.938865181476647	-8.033074410478811	-8.165383941784787	
cowboys	-7.790868335050279	-7.827639546366422	-7.96853588934124	-7.808708997846054	
crash	-7.63671765522302	-8.692636983853026	-8.176175254119483	-8.165383941784787	
crazy	-8.078550407502059	-8.064028324430653	-7.96853588934124	-7.914069513503881	
cricket	-8.666337072404179	-8.207129168071326	-8.102067281965763	-8.165383941784787	
cundiff	-7.790868335050279	-8.207129168071326	-8.949365142352965	-8.096391070297836	
cup	-6.586895530724343	-6.987888891614602	-6.934462121810701	-7.043241155706483	
curtis	-7.877879712039908	-8.207129168071326	-8.176175254119483	-7.914069513503881	
cut	-7.710825627376742	-8.207129168071326	-8.102067281965763	-8.096391070297836	
cuz	-8.329864835782965	-8.692636983853026	-8.102067281965763	-8.165383941784787	
d	-7.567724783736069	-6.677733963310762	-6.6806816010346015	-6.710096709177945	
da	-8.329864835782965	-8.287171875744862	-8.102067281965763	-8.239491913938508	
dad	-8.196333443158442	-8.064028324430653	-8.25621796179302	-7.971227927343829	
daily	-7.331336005671838	-7.9994898032930815	-7.907911267524804	-8.319534621612044	
dallas	-7.790868335050279	-7.938865181476647	-7.74539233802703	-7.6263874410521	
damn	-7.056899159970078	-7.72755608780944	-7.307137407095874	-7.16685511167366	
dance	-8.666337072404179	-7.8817067676366985	-7.850752853684856	-7.971227927343829	
dancing	-8.196333443158442	-8.207129168071326	-8.543900034244801	-8.239491913938508	
david	-6.908479154851805	-7.161160612888638	-7.214764086964859	-7.40324388973789	
davids	-7.973189891844233	-8.207129168071326	-8.438539518586975	-8.239491913938508	
day	-4.864128932983239	-4.643028315472318	-4.62744243174879	-4.624424617747473	
days	-6.692256046382169	-6.711635514986443	-6.7898808929995935	-6.7790895806648965	
dc	-8.196333443158442	-7.776346251978872	-7.907911267524804	-8.031852549160265	
de	-8.329864835782965	-7.938865181476647	-8.176175254119483	-8.096391070297836	
dead	-8.078550407502059	-8.469493432538817	-7.96853588934124	-7.971227927343829	
deal	-7.280042711284287	-8.207129168071326	-8.102067281965763	-8.165383941784787	
death	-7.63671765522302	-8.287171875744862	-8.25621796179302	-8.165383941784787	
debate	-7.567724783736069	-8.574853948196644	-8.102067281965763	-8.165383941784787	
debut	-7.877879712039908	-7.9994898032930815	-8.033074410478811	-8.501856178406	
dec	-7.63671765522302	-7.776346251978872	-8.033074410478811	-8.319534621612044	
december	-7.280042711284287	-7.216730464043449	-7.339927229918866	-7.40324388973789	
deep	-8.484015515610224	-8.692636983853026	-8.438539518586975	-8.501856178406	
definitely	-8.329864835782965	-7.938865181476647	-7.907911267524804	-7.808708997846054	
delicious	-10.275774984838279	-8.133021195917605	-8.102067281965763	-8.165383941784787	
democrats	-7.710825627376742	-8.469493432538817	-8.176175254119483	-8.031852549160265	
denzel	-8.484015515610224	-7.9994898032930815	-8.033074410478811	-8.319534621612044	
derby	-7.231252547114856	-6.987888891614602	-7.130206698936797	-7.043241155706483	
destination	-7.877879712039908	-7.827639546366422	-8.102067281965763	-7.971227927343829	
details	-7.63671765522302	-7.827639546366422	-8.033074410478811	-8.239491913938508	
detroit	-7.877879712039908	-8.064028324430653	-7.79668563241458	-7.860002292233605	
deus	-8.329864835782965	-7.9994898032930815	-7.96853588934124	-8.239491913938508	
dexter	-8.484015515610224	-8.374183252734491	-8.25621796179302	-8.406545998601676	
diaries	-8.666337072404179	-8.064028324430653	-8.176175254119483	-8.031852549160265	
didnt	-6.810039082038553	-7.476241659528534	-7.052245157467085	-6.97579987491095	
die	-7.973189891844233	-8.469493432538817	-7.907911267524804	-8.096391070297836	
dinner	-7.790868335050279	-7.553202700664662	-7.6500821582227045	-7.808708997846054	
directioners	-8.078550407502059	-7.776346251978872	-7.696602173857598	-7.808708997846054	
do	-8.196333443158442	-8.064028324430653	-8.102067281965763	-7.914069513503881	
doesnt	-6.586895530724343	-7.476241659528534	-7.027552544876713	-6.853197552818618	
dont	-5.455493419233242	-6.001393901067198	-5.599461055078361	-5.521237542662057	
down	-7.4425616407820625	-7.476241659528534	-7.408920101405816	-7.370454066914899	
dr	-7.567724783736069	-7.370881143870707	-7.339927229918866	-7.472236761224841	
dream	-8.666337072404179	-7.8817067676366985	-7.74539233802703	-7.759918833676623	
drew	-7.790868335050279	-7.938865181476647	-8.543900034244801	-7.971227927343829	
drive	-7.790868335050279	-8.133021195917605	-7.907911267524804	-7.914069513503881	
droid	-7.973189891844233	-7.9994898032930815	-8.176175254119483	-8.239491913938508	
dude	-8.078550407502059	-7.938865181476647	-8.033074410478811	-7.808708997846054	
dwts	-9.582627804278333	-8.133021195917605	-8.176175254119483	-8.165383941784787	
e	-7.973189891844233	-8.207129168071326	-8.438539518586975	-8.501856178406	
eagles	-7.790868335050279	-7.938865181476647	-7.96853588934124	-8.031852549160265	
early	-6.9799381188339495	-7.1344923658064765	-7.130206698936797	-7.043241155706483	
east	-7.790868335050279	-7.776346251978872	-7.696602173857598	-7.971227927343829	
eat	-8.666337072404179	-8.374183252734491	-8.34322933878265	-8.239491913938508	
election	-7.790868335050279	-8.207129168071326	-8.102067281965763	-8.031852549160265	
elvis	-7.877879712039908	-8.064028324430653	-8.34322933878265	-8.096391070297836	
em	-7.973189891844233	-8.133021195917605	-8.795214462525708	-8.096391070297836	
eng	-8.196333443158442	-8.469493432538817	-8.176175254119483	-8.319534621612044	
england	-7.710825627376742	-7.9994898032930815	-7.907911267524804	-8.319534621612044	
english	-7.973189891844233	-8.064028324430653	-7.79668563241458	-7.808708997846054	
enjoy	-8.666337072404179	-7.216730464043449	-7.214764086964859	-7.249093209910631	
enjoying	-9.582627804278333	-7.9994898032930815	-8.033074410478811	-8.031852549160265	
episode	-7.231252547114856	-7.553202700664662	-7.307137407095874	-7.338705368600319	
espn	-7.877879712039908	-7.776346251978872	-7.74539233802703	-7.713398818041729	
evening	-7.385403226942114	-7.439874015357659	-7.408920101405816	-7.437145441413572	
event	-7.097721154490333	-7.161160612888638	-7.214764086964859	-7.338705368600319	
ever	-8.078550407502059	-7.594024695184917	-7.52224878671282	-7.508604405395716	
everton	-7.877879712039908	-8.064028324430653	-8.34322933878265	-8.319534621612044	
everyone	-8.666337072404179	-7.9994898032930815	-8.033074410478811	-8.031852549160265	
excited	-8.196333443158442	-6.089947298408643	-6.077685517468954	-6.113093389170902	
exciting	-9.17716269617017	-7.72755608780944	-7.696602173857598	-7.713398818041729	
face	-6.908479154851805	-7.216730464043449	-7.339927229918866	-7.307933709933565	
fact	-7.63671765522302	-8.064028324430653	-7.907911267524804	-7.914069513503881	
factor	-8.484015515610224	-8.374183252734491	-8.102067281965763	-8.096391070297836	
fair	-7.973189891844233	-7.827639546366422	-8.102067281965763	-8.096391070297836	
fall	-7.567724783736069	-7.827639546366422	-8.25621796179302	-7.914069513503881	
family	-6.612213338708632	-6.860055520104717	-6.770832698028899	-6.710096709177945	
fan	-7.973189891844233	-7.827639546366422	-7.850752853684856	-7.668947055470896	
fans	-6.908479154851805	-6.921930923822804	-6.979924495887459	-6.892418265971899	
far	-8.889480623718388	-8.064028324430653	-8.102067281965763	-8.031852549160265	
fashion	-7.790868335050279	-7.9994898032930815	-8.176175254119483	-8.406545998601676	
favorite	-9.17716269617017	-7.4047826955463885	-7.373828781594547	-7.40324388973789	
feb	-7.184732531479963	-7.1344923658064765	-7.4452877455766915	-7.370454066914899	
february	-6.841787780353132	-7.034408907249494	-7.103538451854635	-7.115561817286109	
feel	-6.749414460222117	-7.188559587076753	-6.934462121810701	-6.815457224835771	
feeling	-7.877879712039908	-8.287171875744862	-7.96853588934124	-7.860002292233605	
festival	-7.503186262598498	-7.370881143870707	-7.4452877455766915	-7.508604405395716	
field	-7.567724783736069	-7.72755608780944	-7.850752853684856	-8.031852549160265	
fight	-7.503186262598498	-7.636584309603713	-7.696602173857598	-7.713398818041729	
film	-7.140280768909129	-7.108516879403216	-7.244617050114541	-7.338705368600319	
final	-6.841787780353132	-6.860055520104717	-7.052245157467085	-6.997778781629726	
finally	-7.790868335050279	-7.1344923658064765	-7.2753887087812945	-7.140879625270399	
find	-6.538105366554911	-6.711635514986443	-6.829101606152875	-6.797108086167574	
finish	-7.877879712039908	-7.72755608780944	-7.74539233802703	-7.6263874410521	
finished	-7.790868335050279	-7.776346251978872	-7.907911267524804	-7.914069513503881	
flight	-7.710825627376742	-7.636584309603713	-7.6500821582227045	-7.759918833676623	
floor	-7.710825627376742	-8.287171875744862	-8.176175254119483	-8.406545998601676	
florida	-7.567724783736069	-7.594024695184917	-7.74539233802703	-7.808708997846054	
follow	-7.184732531479963	-7.0108784098393	-7.2753887087812945	-7.220922332943935	
food	-7.973189891844233	-7.594024695184917	-7.74539233802703	-7.713398818041729	
football	-6.250423294103129	-6.341261726689549	-6.45066517043263	-6.434993418933024	
for	-7.790868335050279	-7.776346251978872	-8.102067281965763	-7.914069513503881	
forget	-7.790868335050279	-7.370881143870707	-7.408920101405816	-7.40324388973789	
forgot	-7.877879712039908	-8.574853948196644	-8.34322933878265	-8.096391070297836	
form	-7.973189891844233	-8.064028324430653	-8.543900034244801	-8.319534621612044	
forward	-8.078550407502059	-6.746726834797713	-6.69807334374647	-6.7790895806648965	
fox	-7.877879712039908	-7.776346251978872	-7.850752853684856	-7.759918833676623	
free	-6.779267423371799	-6.537972020935603	-6.715772920845872	-6.834149357847924	
fri	-7.63671765522302	-7.9994898032930815	-8.25621796179302	-8.501856178406	
friday	-5.0079168257749505	-5.000637402402847	-5.113503497890384	-5.1107091325973455	
friend	-7.710825627376742	-7.636584309603713	-7.605630395651871	-7.546344733378564	
friends	-7.973189891844233	-7.370881143870707	-7.483028073559539	-7.370454066914899	
front	-7.567724783736069	-7.827639546366422	-7.907911267524804	-7.860002292233605	
fu	-8.078550407502059	-8.064028324430653	-8.176175254119483	-8.607216694063826	
fuck	-6.638188825111893	-7.8817067676366985	-6.86992360067313	-6.892418265971899	
fucking	-7.280042711284287	-8.207129168071326	-7.52224878671282	-7.508604405395716	
full	-7.4425616407820625	-7.439874015357659	-7.373828781594547	-7.249093209910631	
fun	-8.666337072404179	-6.711635514986443	-6.6806816010346015	-6.761390003565495	
funny	-8.484015515610224	-7.827639546366422	-7.74539233802703	-7.713398818041729	
future	-7.710825627376742	-8.207129168071326	-8.176175254119483	-8.501856178406	
g	-8.889480623718388	-8.207129168071326	-8.102067281965763	-8.319534621612044	
gaga	-7.63671765522302	-8.133021195917605	-8.438539518586975	-7.971227927343829	
game	-4.977457618290242	-5.071634952142176	-5.117107105393682	-5.134560348419526	
games	-6.810039082038553	-7.034408907249494	-7.003454993297653	-7.020251637481784	
george	-7.017678446816797	-7.306342622733136	-7.6500821582227045	-7.338705368600319	
germany	-8.666337072404179	-8.133021195917605	-8.176175254119483	-8.165383941784787	
ghost	-7.140280768909129	-8.064028324430653	-7.850752853684856	-7.546344733378564	
giants	-7.790868335050279	-7.9994898032930815	-8.033074410478811	-8.096391070297836	
girl	-7.385403226942114	-7.034408907249494	-6.95693497766276	-6.954293669689987	
girls	-7.63671765522302	-7.058506458828555	-7.027552544876713	-7.115561817286109	
glad	-9.17716269617017	-7.439874015357659	-7.373828781594547	-7.472236761224841	
go	-7.4425616407820625	-7.275570964066382	-7.2753887087812945	-7.307933709933565	
goal	-7.231252547114856	-7.72755608780944	-7.907911267524804	-7.668947055470896	
god	-7.4425616407820625	-7.370881143870707	-7.244617050114541	-7.16685511167366	
goin	-7.567724783736069	-7.938865181476647	-8.033074410478811	-7.808708997846054	
going	-4.648153871147642	-4.808499181914416	-4.855020580130865	-4.778575297574731	
gold	-8.329864835782965	-8.469493432538817	-8.34322933878265	-8.319534621612044	
gonna	-6.116891901478607	-6.062548324220528	-6.031594410268687	-5.944628867038373	
gonzaga	-8.329864835782965	-8.287171875744862	-8.102067281965763	-8.239491913938508	
good	-6.198237540932559	-5.112596309773242	-5.03734213692482	-5.051868632574412	
google	-7.877879712039908	-8.207129168071326	-8.438539518586975	-8.096391070297836	
gotta	-7.140280768909129	-7.216730464043449	-7.307137407095874	-7.16685511167366	
grade	-7.184732531479963	-7.216730464043449	-7.307137407095874	-7.066771653116677	
grammy	-8.666337072404179	-7.938865181476647	-8.033074410478811	-7.914069513503881	
grammys	-7.973189891844233	-7.8817067676366985	-8.25621796179302	-8.096391070297836	
great	-7.503186262598498	-5.7351259231192335	-5.710686690188585	-5.723036906415582	
greatest	-9.17716269617017	-7.594024695184917	-7.563070781233075	-7.585565446531844	
green	-7.973189891844233	-7.636584309603713	-7.696602173857598	-7.713398818041729	
guess	-6.874577603176124	-7.306342622733136	-7.2753887087812945	-6.997778781629726	
guest	-7.710825627376742	-7.776346251978872	-8.102067281965763	-8.165383941784787	
guy	-6.779267423371799	-7.2457180009167015	-7.1857765500916075	-6.97579987491095	
guys	-7.017678446816797	-6.613195442173191	-6.64678004935892	-6.645558188040374	
haha	-7.4425616407820625	-7.188559587076753	-7.103538451854635	-6.997778781629726	
hair	-7.877879712039908	-8.133021195917605	-8.25621796179302	-8.096391070297836	
half	-6.749414460222117	-7.034408907249494	-7.103538451854635	-7.115561817286109	
hall	-7.63671765522302	-7.553202700664662	-7.74539233802703	-7.808708997846054	
halloween	-6.943570474663074	-6.987888891614602	-7.130206698936797	-7.066771653116677	
hand	-7.790868335050279	-8.374183252734491	-8.34322933878265	-8.607216694063826	
hank	-8.078550407502059	-8.469493432538817	-8.438539518586975	-8.165383941784787	
happen	-7.385403226942114	-7.72755608780944	-7.79668563241458	-7.6263874410521	
happened	-7.503186262598498	-8.207129168071326	-8.102067281965763	-7.914069513503881	
happy	-7.503186262598498	-5.696904710299036	-5.641258183756823	-5.698495797499465	
hard	-7.790868335050279	-7.8817067676366985	-7.74539233802703	-7.668947055470896	
harry	-7.567724783736069	-7.827639546366422	-8.033074410478811	-7.759918833676623	
hart	-7.790868335050279	-7.8817067676366985	-7.907911267524804	-7.808708997846054	
harvey	-8.078550407502059	-7.938865181476647	-8.102067281965763	-8.319534621612044	
hate	-7.140280768909129	-8.287171875744862	-7.563070781233075	-7.437145441413572	
have	-8.666337072404179	-8.207129168071326	-8.25621796179302	-8.239491913938508	
havent	-6.943570474663074	-7.553202700664662	-7.157605673124911	-7.090869204695737	
head	-7.280042711284287	-7.5139819875113805	-7.4452877455766915	-7.508604405395716	
heading	-7.790868335050279	-7.72755608780944	-7.696602173857598	-7.860002292233605	
hear	-7.4425616407820625	-7.636584309603713	-7.605630395651871	-7.472236761224841	
heard	-7.877879712039908	-7.636584309603713	-7.6500821582227045	-7.546344733378564	
hearing	-7.790868335050279	-8.469493432538817	-8.661683069901185	-8.239491913938508	
heart	-8.484015515610224	-8.133021195917605	-8.102067281965763	-8.096391070297836	
heat	-6.9799381188339495	-7.275570964066382	-7.339927229918866	-7.278080746783884	
held	-7.973189891844233	-8.287171875744862	-8.25621796179302	-8.607216694063826	
hell	-7.017678446816797	-7.636584309603713	-7.214764086964859	-7.16685511167366	
hello	-7.790868335050279	-7.594024695184917	-7.79668563241458	-7.759918833676623	
help	-7.097721154490333	-7.370881143870707	-7.408920101405816	-7.140879625270399	
here	-7.140280768909129	-7.161160612888638	-7.1857765500916075	-7.16685511167366	
hey	-7.331336005671838	-7.216730464043449	-7.307137407095874	-7.140879625270399	
high	-7.385403226942114	-7.4047826955463885	-7.408920101405816	-7.370454066914899	
him	-7.503186262598498	-7.8817067676366985	-7.563070781233075	-7.508604405395716	
history	-8.078550407502059	-7.776346251978872	-7.907911267524804	-7.759918833676623	
hit	-7.280042711284287	-7.476241659528534	-7.2753887087812945	-7.40324388973789	
hockey	-7.710825627376742	-7.9994898032930815	-8.661683069901185	-8.319534621612044	
hold	-7.503186262598498	-7.776346251978872	-7.74539233802703	-7.971227927343829	
home	-7.973189891844233	-8.064028324430653	-7.907911267524804	-7.860002292233605	
hope	-6.720426923348865	-6.156958008691603	-6.077685517468954	-6.050851080293681	
hopefully	-8.889480623718388	-7.2457180009167015	-7.307137407095874	-7.278080746783884	
hopes	-8.666337072404179	-8.133021195917605	-8.34322933878265	-8.239491913938508	
hoping	-8.196333443158442	-8.287171875744862	-8.176175254119483	-8.031852549160265	
hot	-7.710825627376742	-7.476241659528534	-7.483028073559539	-7.370454066914899	
hour	-7.280042711284287	-7.72755608780944	-7.74539233802703	-7.759918833676623	
hours	-7.184732531479963	-7.5139819875113805	-7.483028073559539	-7.437145441413572	
house	-6.538105366554911	-6.523583283483504	-6.566737341685384	-6.59974865200908	
houston	-8.078550407502059	-8.207129168071326	-8.102067281965763	-8.239491913938508	
huge	-8.329864835782965	-8.287171875744862	-8.34322933878265	-8.239491913938508	
hurricane	-7.877879712039908	-8.374183252734491	-8.25621796179302	-8.319534621612044	
i	-6.664857072194055	-7.2457180009167015	-6.890977009870962	-6.815457224835771	
ice	-7.877879712039908	-7.8817067676366985	-8.033074410478811	-7.971227927343829	
idea	-7.973189891844233	-8.287171875744862	-8.34322933878265	-8.239491913938508	
if	-8.329864835782965	-8.287171875744862	-8.25621796179302	-8.319534621612044	
iii	-8.196333443158442	-8.133021195917605	-7.96853588934124	-8.165383941784787	
il	-8.666337072404179	-8.287171875744862	-8.34322933878265	-8.319534621612044	
ill	-6.116891901478607	-6.044690706820522	-6.077685517468954	-5.992256916027627	
im	-8.196333443158442	-8.469493432538817	-8.102067281965763	-8.165383941784787	
in	-7.280042711284287	-7.4047826955463885	-7.483028073559539	-7.713398818041729	
inbetweeners	-8.889480623718388	-8.133021195917605	-8.176175254119483	-8.319534621612044	
including	-8.078550407502059	-8.133021195917605	-8.34322933878265	-8.319534621612044	
independence	-8.484015515610224	-8.287171875744862	-8.176175254119483	-8.096391070297836	
india	-7.710825627376742	-8.064028324430653	-7.850752853684856	-8.096391070297836	
info	-7.877879712039908	-8.133021195917605	-8.34322933878265	-8.239491913938508	
injury	-7.097721154490333	-8.574853948196644	-7.6500821582227045	-7.759918833676623	
interested	-7.877879712039908	-7.8817067676366985	-8.176175254119483	-8.031852549160265	
interesting	-8.889480623718388	-7.681036072174547	-7.74539233802703	-7.759918833676623	
international	-6.943570474663074	-7.4047826955463885	-7.696602173857598	-7.860002292233605	
interview	-7.567724783736069	-7.938865181476647	-7.696602173857598	-7.971227927343829	
ipad	-7.790868335050279	-7.827639546366422	-7.96853588934124	-7.808708997846054	
ireland	-8.889480623718388	-8.207129168071326	-8.176175254119483	-8.239491913938508	
irene	-8.329864835782965	-8.287171875744862	-8.438539518586975	-8.165383941784787	
is	-7.280042711284287	-7.5139819875113805	-7.696602173857598	-7.40324388973789	
island	-7.973189891844233	-7.827639546366422	-8.102067281965763	-8.096391070297836	
isnt	-7.280042711284287	-7.636584309603713	-7.373828781594547	-7.370454066914899	
israel	-8.196333443158442	-8.469493432538817	-8.34322933878265	-8.406545998601676	
it	-6.071082365447313	-5.852097599704738	-5.799482188971717	-5.7610161544807985	
italy	-7.63671765522302	-7.827639546366422	-7.96853588934124	-7.914069513503881	
itll	-8.666337072404179	-8.287171875744862	-8.25621796179302	-8.165383941784787	
its	-7.877879712039908	-8.469493432538817	-8.176175254119483	-8.096391070297836	
iv	-8.078550407502059	-8.469493432538817	-8.102067281965763	-8.239491913938508	
ive	-6.874577603176124	-6.694541081627143	-6.64678004935892	-6.584933566223938	
jackson	-7.280042711284287	-7.594024695184917	-7.563070781233075	-7.808708997846054	
james	-6.908479154851805	-7.275570964066382	-7.373828781594547	-7.40324388973789	
jan	-7.790868335050279	-7.370881143870707	-7.244617050114541	-7.585565446531844	
january	-6.943570474663074	-7.058506458828555	-7.157605673124911	-7.472236761224841	
jason	-7.503186262598498	-7.72755608780944	-7.74539233802703	-8.031852549160265	
jayalalithaa	-8.078550407502059	-8.980319056304808	-8.661683069901185	-8.72499972972021	
jazz	-8.329864835782965	-8.064028324430653	-8.25621796179302	-8.319534621612044	
jeff	-8.196333443158442	-8.207129168071326	-8.102067281965763	-8.165383941784787	
jennifer	-7.973189891844233	-8.064028324430653	-8.34322933878265	-8.239491913938508	
jeremy	-7.710825627376742	-7.776346251978872	-7.96853588934124	-7.759918833676623	
jersey	-7.877879712039908	-7.8817067676366985	-7.96853588934124	-7.860002292233605	
jets	-7.63671765522302	-7.553202700664662	-7.850752853684856	-7.585565446531844	
jim	-7.877879712039908	-7.827639546366422	-8.176175254119483	-8.096391070297836	
job	-7.231252547114856	-7.476241659528534	-7.563070781233075	-7.713398818041729	
jobs	-7.877879712039908	-8.207129168071326	-8.25621796179302	-8.031852549160265	
joe	-7.184732531479963	-7.636584309603713	-7.850752853684856	-8.031852549160265	
john	-7.4425616407820625	-7.553202700664662	-7.74539233802703	-7.668947055470896	
johnson	-7.710825627376742	-8.064028324430653	-8.102067281965763	-7.860002292233605	
join	-6.908479154851805	-6.764745340300392	-6.9124832150919255	-7.066771653116677	
jose	-7.973189891844233	-8.287171875744862	-8.25621796179302	-8.607216694063826	
joseph	-8.484015515610224	-8.133021195917605	-8.25621796179302	-8.165383941784787	
juice	-8.889480623718388	-7.72755608780944	-7.696602173857598	-7.759918833676623	
july	-7.877879712039908	-7.5139819875113805	-7.563070781233075	-7.6263874410521	
june	-7.385403226942114	-7.476241659528534	-7.605630395651871	-7.808708997846054	
jungle	-8.329864835782965	-8.207129168071326	-8.438539518586975	-8.501856178406	
justice	-8.196333443158442	-8.133021195917605	-8.25621796179302	-8.096391070297836	
justin	-7.710825627376742	-7.9994898032930815	-7.696602173857598	-7.668947055470896	
keep	-7.567724783736069	-7.216730464043449	-7.1857765500916075	-7.140879625270399	
kendrick	-8.196333443158442	-8.469493432538817	-8.176175254119483	-8.319534621612044	
kentucky	-7.973189891844233	-7.9994898032930815	-8.102067281965763	-7.914069513503881	
kevin	-7.4425616407820625	-7.776346251978872	-7.6500821582227045	-7.437145441413572	
kick	-8.078550407502059	-8.207129168071326	-8.25621796179302	-8.319534621612044	
kid	-7.790868335050279	-8.133021195917605	-8.25621796179302	-7.971227927343829	
kids	-7.503186262598498	-7.636584309603713	-7.6500821582227045	-7.508604405395716	
kill	-7.710825627376742	-8.287171875744862	-7.96853588934124	-7.808708997846054	
killed	-7.4425616407820625	-8.574853948196644	-8.102067281965763	-7.914069513503881	
kinda	-7.790868335050279	-8.692636983853026	-7.907911267524804	-7.914069513503881	
king	-7.973189891844233	-7.776346251978872	-7.6500821582227045	-7.6263874410521	
kings	-7.331336005671838	-8.287171875744862	-7.74539233802703	-7.860002292233605	
klitschko	-7.790868335050279	-8.374183252734491	-8.25621796179302	-8.406545998601676	
knicks	-6.638188825111893	-6.880258227422236	-6.7898808929995935	-6.872615638675719	
know	-7.63671765522302	-8.064028324430653	-8.176175254119483	-7.860002292233605	
knox	-7.877879712039908	-8.207129168071326	-8.543900034244801	-8.501856178406	
kung	-8.078550407502059	-8.064028324430653	-8.176175254119483	-8.607216694063826	
kyle	-7.63671765522302	-7.827639546366422	-7.79668563241458	-7.914069513503881	
la	-7.790868335050279	-8.287171875744862	-8.102067281965763	-7.971227927343829	
ladies	-8.666337072404179	-8.207129168071326	-8.25621796179302	-8.501856178406	
lady	-7.385403226942114	-7.636584309603713	-7.696602173857598	-7.546344733378564	
lakers	-7.973189891844233	-8.133021195917605	-7.907911267524804	-8.165383941784787	
lane	-8.196333443158442	-8.374183252734491	-8.25621796179302	-8.319534621612044	
late	-7.097721154490333	-7.4047826955463885	-7.307137407095874	-7.278080746783884	
latest	-7.790868335050279	-8.287171875744862	-8.176175254119483	-8.607216694063826	
launch	-7.385403226942114	-7.776346251978872	-7.907911267524804	-8.607216694063826	
lead	-7.503186262598498	-7.681036072174547	-7.79668563241458	-7.713398818041729	
league	-6.383954686727652	-6.597691255637225	-6.752140565016746	-6.743998260853626	
learn	-7.973189891844233	-8.064028324430653	-8.102067281965763	-8.031852549160265	
leave	-7.710825627376742	-7.72755608780944	-7.74539233802703	-7.585565446531844	
leaving	-8.078550407502059	-8.374183252734491	-8.543900034244801	-8.165383941784787	
left	-6.664857072194055	-7.0108784098393	-6.95693497766276	-6.997778781629726	
leg	-7.710825627376742	-8.287171875744862	-8.34322933878265	-8.501856178406	
life	-6.612213338708632	-6.746726834797713	-6.5216169064049145	-6.61478652937362	
light	-7.973189891844233	-8.064028324430653	-8.176175254119483	-8.165383941784787	
lights	-8.078550407502059	-7.8817067676366985	-7.907911267524804	-7.971227927343829	
lions	-6.943570474663074	-7.108516879403216	-7.027552544876713	-7.043241155706483	
list	-7.503186262598498	-7.439874015357659	-7.605630395651871	-7.914069513503881	
listen	-7.710825627376742	-7.9994898032930815	-7.907911267524804	-7.914069513503881	
listening	-7.973189891844233	-7.636584309603713	-7.696602173857598	-7.585565446531844	
live	-5.869055737574025	-5.920048261613245	-6.031594410268687	-6.2611464891300415	
living	-7.973189891844233	-8.287171875744862	-8.438539518586975	-8.165383941784787	
lloyd	-7.877879712039908	-8.287171875744862	-7.907911267524804	-8.096391070297836	
lmao	-7.877879712039908	-8.574853948196644	-8.176175254119483	-8.239491913938508	
lol	-6.42562738312822	-6.137349537303227	-6.106395623351385	-6.0169495286179995	
london	-6.447133588349184	-6.801786611980741	-6.7898808929995935	-7.066771653116677	
long	-6.664857072194055	-6.711635514986443	-6.7898808929995935	-6.693567407226734	
looked	-7.877879712039908	-8.207129168071326	-8.661683069901185	-8.165383941784787	
lorax	-8.329864835782965	-8.287171875744862	-8.176175254119483	-8.165383941784787	
lose	-7.790868335050279	-8.574853948196644	-8.25621796179302	-8.031852549160265	
loss	-7.790868335050279	-9.385784164412971	-8.176175254119483	-8.165383941784787	
lost	-7.140280768909129	-7.938865181476647	-7.4452877455766915	-7.40324388973789	
lot	-7.503186262598498	-7.827639546366422	-7.74539233802703	-7.759918833676623	
lots	-7.973189891844233	-7.938865181476647	-8.102067281965763	-7.971227927343829	
love	-6.779267423371799	-5.420220392056796	-5.408405818315652	-5.42916286371588	
loved	-9.17716269617017	-8.207129168071326	-8.102067281965763	-8.239491913938508	
lovely	-8.889480623718388	-7.72755608780944	-7.850752853684856	-7.759918833676623	
luck	-8.889480623718388	-7.083199071418926	-7.077562965451374	-7.090869204695737	
lucky	-9.17716269617017	-7.9994898032930815	-7.96853588934124	-7.971227927343829	
lunch	-8.666337072404179	-8.064028324430653	-8.102067281965763	-8.096391070297836	
m	-7.503186262598498	-7.636584309603713	-7.79668563241458	-7.914069513503881	
machine	-7.790868335050279	-8.469493432538817	-8.25621796179302	-8.319534621612044	
mad	-8.078550407502059	-8.374183252734491	-8.102067281965763	-8.096391070297836	
madrid	-7.567724783736069	-8.133021195917605	-7.96853588934124	-8.501856178406	
main	-8.078550407502059	-8.133021195917605	-8.033074410478811	-8.165383941784787	
making	-7.790868335050279	-7.439874015357659	-7.6500821582227045	-7.546344733378564	
mall	-8.196333443158442	-8.207129168071326	-8.438539518586975	-8.607216694063826	
man	-6.586895530724343	-6.454590411996552	-6.4103912712946896	-6.460635849546361	
march	-6.612213338708632	-6.582423783506437	-6.64678004935892	-6.59974865200908	
marching	-9.17716269617017	-8.207129168071326	-8.033074410478811	-8.096391070297836	
mark	-7.097721154490333	-7.553202700664662	-7.4452877455766915	-7.508604405395716	
market	-8.196333443158442	-8.287171875744862	-8.25621796179302	-8.406545998601676	
martin	-6.841787780353132	-7.306342622733136	-7.077562965451374	-7.1935233587558205	
mass	-7.710825627376742	-7.827639546366422	-8.102067281965763	-8.319534621612044	
match	-7.280042711284287	-7.108516879403216	-7.2753887087812945	-7.140879625270399	
max	-7.973189891844233	-8.133021195917605	-8.102067281965763	-8.406545998601676	
may	-8.484015515610224	-8.207129168071326	-8.34322933878265	-8.239491913938508	
mccarthy	-8.484015515610224	-8.064028324430653	-8.25621796179302	-8.239491913938508	
me	-6.42562738312822	-6.6289437991413305	-6.64678004935892	-6.460635849546361	
media	-7.4425616407820625	-7.681036072174547	-7.6500821582227045	-7.914069513503881	
meet	-6.810039082038553	-6.6289437991413305	-6.733791426348549	-6.912620973289418	
meeting	-7.710825627376742	-8.064028324430653	-7.96853588934124	-7.971227927343829	
melissa	-8.484015515610224	-8.133021195917605	-8.34322933878265	-8.319534621612044	
members	-7.790868335050279	-8.133021195917605	-8.176175254119483	-8.501856178406	
men	-7.973189891844233	-8.374183252734491	-8.25621796179302	-8.501856178406	
met	-7.877879712039908	-8.207129168071326	-8.033074410478811	-8.031852549160265	
mexico	-7.790868335050279	-7.594024695184917	-7.563070781233075	-7.585565446531844	
miami	-7.4425616407820625	-7.636584309603713	-7.74539233802703	-7.860002292233605	
michael	-6.749414460222117	-7.161160612888638	-7.1857765500916075	-7.40324388973789	
mick	-7.877879712039908	-8.374183252734491	-8.34322933878265	-8.501856178406	
microsoft	-7.973189891844233	-8.826168376477549	-8.34322933878265	-8.607216694063826	
milan	-7.790868335050279	-7.72755608780944	-8.033074410478811	-8.031852549160265	
minaj	-8.329864835782965	-8.064028324430653	-8.102067281965763	-8.031852549160265	
mind	-7.790868335050279	-8.207129168071326	-8.033074410478811	-7.914069513503881	
mins	-7.877879712039908	-8.574853948196644	-8.25621796179302	-8.406545998601676	
minutes	-7.503186262598498	-7.636584309603713	-7.696602173857598	-8.031852549160265	
missed	-7.184732531479963	-7.776346251978872	-7.696602173857598	-7.370454066914899	
missing	-7.385403226942114	-8.469493432538817	-8.176175254119483	-7.808708997846054	
mitch	-7.790868335050279	-8.469493432538817	-8.102067281965763	-8.239491913938508	
mix	-8.078550407502059	-8.207129168071326	-8.543900034244801	-8.319534621612044	
mnf	-8.484015515610224	-8.287171875744862	-8.033074410478811	-8.031852549160265	
mohamed	-8.196333443158442	-7.938865181476647	-7.96853588934124	-8.406545998601676	
mom	-7.790868335050279	-7.553202700664662	-7.4452877455766915	-7.40324388973789	
moment	-8.329864835782965	-8.133021195917605	-7.96853588934124	-7.914069513503881	
mon	-7.567724783736069	-7.72755608780944	-7.96853588934124	-8.096391070297836	
monday	-5.363120099102227	-5.540969908678276	-5.623130799164266	-5.594955118558624	
money	-7.790868335050279	-8.287171875744862	-8.102067281965763	-7.971227927343829	
month	-8.196333443158442	-8.064028324430653	-8.102067281965763	-8.319534621612044	
months	-7.710825627376742	-8.064028324430653	-8.438539518586975	-7.971227927343829	
moon	-7.790868335050279	-7.9994898032930815	-8.102067281965763	-7.860002292233605	
more	-7.973189891844233	-7.636584309603713	-7.79668563241458	-7.759918833676623	
morgan	-7.973189891844233	-8.374183252734491	-8.34322933878265	-8.72499972972021	
morning	-5.764915478321429	-5.7031743233126315	-5.717244090734744	-5.6569467945865926	
morsi	-8.666337072404179	-8.064028324430653	-8.033074410478811	-8.406545998601676	
move	-7.4425616407820625	-7.4047826955463885	-7.52224878671282	-7.437145441413572	
movie	-6.586895530724343	-6.509398648491548	-6.613990226535929	-6.500376178195875	
movies	-7.503186262598498	-7.594024695184917	-7.563070781233075	-7.508604405395716	
moving	-7.790868335050279	-7.938865181476647	-7.850752853684856	-7.971227927343829	
mr	-8.329864835782965	-8.207129168071326	-8.34322933878265	-8.096391070297836	
mta	-7.973189891844233	-8.574853948196644	-8.34322933878265	-8.239491913938508	
murder	-7.63671765522302	-8.207129168071326	-8.033074410478811	-8.239491913938508	
murphy	-7.877879712039908	-8.133021195917605	-8.543900034244801	-8.607216694063826	
murray	-7.503186262598498	-7.72755608780944	-7.79668563241458	-7.971227927343829	
music	-7.140280768909129	-7.034408907249494	-7.003454993297653	-7.020251637481784	
named	-7.877879712039908	-8.287171875744862	-8.176175254119483	-8.239491913938508	
national	-7.790868335050279	-7.370881143870707	-7.214764086964859	-7.40324388973789	
nba	-7.280042711284287	-7.338091321047717	-7.79668563241458	-7.6263874410521	
nc	-8.329864835782965	-8.064028324430653	-8.176175254119483	-8.165383941784787	
nebraska	-7.973189891844233	-8.469493432538817	-8.34322933878265	-8.319534621612044	
netflix	-8.196333443158442	-7.827639546366422	-7.850752853684856	-7.860002292233605	
nets	-7.503186262598498	-8.469493432538817	-7.96853588934124	-8.031852549160265	
network	-8.078550407502059	-8.207129168071326	-8.34322933878265	-8.239491913938508	
news	-6.148640599793187	-6.481619084384472	-6.437059518376851	-6.500376178195875	
nfl	-6.749414460222117	-6.921930923822804	-7.003454993297653	-6.97579987491095	
nice	-8.484015515610224	-7.058506458828555	-7.027552544876713	-7.066771653116677	
nick	-7.877879712039908	-7.5139819875113805	-7.373828781594547	-7.585565446531844	
nicki	-8.196333443158442	-7.938865181476647	-8.033074410478811	-7.914069513503881	
nigeria	-7.877879712039908	-8.207129168071326	-8.102067281965763	-8.406545998601676	
nigga	-7.710825627376742	-8.574853948196644	-8.176175254119483	-7.971227927343829	
niggas	-7.385403226942114	-8.574853948196644	-7.74539233802703	-7.668947055470896	
night	-4.555463208230867	-4.561478448508209	-4.614255427466836	-4.575930267808862	
nights	-7.710825627376742	-7.776346251978872	-7.79668563241458	-7.759918833676623	
no	-7.63671765522302	-8.287171875744862	-8.033074410478811	-7.971227927343829	
noel	-7.973189891844233	-7.938865181476647	-8.033074410478811	-7.860002292233605	
north	-7.4425616407820625	-7.594024695184917	-7.96853588934124	-7.860002292233605	
not	-7.790868335050279	-8.469493432538817	-8.176175254119483	-7.971227927343829	
nov	-5.971709891634109	-6.137349537303227	-6.310307812737707	-6.555946029350686	
november	-5.999108865822223	-6.044690706820522	-6.21933603453198	-6.338533152745462	
now	-6.250423294103129	-6.454590411996552	-6.4103912712946896	-6.327104456921838	
nuit	-7.973189891844233	-8.133021195917605	-8.34322933878265	-8.165383941784787	
number	-8.078550407502059	-8.133021195917605	-8.176175254119483	-8.239491913938508	
ny	-7.973189891844233	-8.133021195917605	-8.25621796179302	-8.239491913938508	
nyc	-7.877879712039908	-7.681036072174547	-7.74539233802703	-7.808708997846054	
o	-7.4425616407820625	-7.439874015357659	-7.307137407095874	-7.40324388973789	
obama	-6.779267423371799	-7.5139819875113805	-7.1857765500916075	-7.220922332943935	
oct	-6.491585350920017	-6.694541081627143	-6.770832698028899	-7.043241155706483	
october	-5.945041644551948	-6.1471057122485915	-6.21933603453198	-6.513981830251654	
of	-7.877879712039908	-7.9994898032930815	-8.102067281965763	-8.406545998601676	
off	-7.790868335050279	-8.374183252734491	-7.850752853684856	-7.971227927343829	
official	-7.503186262598498	-7.681036072174547	-7.907911267524804	-7.914069513503881	
oh	-7.710825627376742	-7.8817067676366985	-8.102067281965763	-7.860002292233605	
ok	-8.329864835782965	-8.133021195917605	-8.102067281965763	-7.971227927343829	
okami	-7.790868335050279	-7.9994898032930815	-8.176175254119483	-8.165383941784787	
omg	-7.790868335050279	-7.938865181476647	-7.52224878671282	-7.585565446531844	
on	-7.184732531479963	-7.476241659528534	-7.4452877455766915	-7.508604405395716	
one	-7.503186262598498	-7.553202700664662	-7.483028073559539	-7.508604405395716	
online	-8.196333443158442	-8.133021195917605	-8.25621796179302	-8.607216694063826	
open	-6.469112495067959	-6.582423783506437	-6.733791426348549	-6.933240260492155	
opener	-7.567724783736069	-8.374183252734491	-8.34322933878265	-8.319534621612044	
opening	-7.790868335050279	-7.5139819875113805	-7.483028073559539	-7.914069513503881	
order	-8.196333443158442	-8.287171875744862	-8.438539518586975	-8.501856178406	
oscars	-8.078550407502059	-8.374183252734491	-8.438539518586975	-8.239491913938508	
out	-6.638188825111893	-6.764745340300392	-6.715772920845872	-6.7790895806648965	
p	-7.331336005671838	-7.2457180009167015	-7.157605673124911	-7.437145441413572	
pa	-7.877879712039908	-8.207129168071326	-8.438539518586975	-8.319534621612044	
pack	-7.973189891844233	-8.374183252734491	-8.34322933878265	-8.72499972972021	
paid	-8.078550407502059	-8.207129168071326	-8.34322933878265	-8.031852549160265	
painter	-8.078550407502059	-8.469493432538817	-8.34322933878265	-8.239491913938508	
pakistan	-8.889480623718388	-8.374183252734491	-8.25621796179302	-8.239491913938508	
panda	-8.078550407502059	-8.064028324430653	-8.176175254119483	-8.607216694063826	
paper	-8.329864835782965	-8.374183252734491	-8.25621796179302	-8.239491913938508	
paris	-8.484015515610224	-7.9994898032930815	-8.102067281965763	-8.031852549160265	
park	-6.9799381188339495	-6.880258227422236	-7.130206698936797	-7.020251637481784	
party	-6.250423294103129	-6.306170406878279	-6.359097976907139	-6.409992116727606	
pass	-7.056899159970078	-7.476241659528534	-7.52224878671282	-7.546344733378564	
paterno	-7.63671765522302	-8.207129168071326	-8.661683069901185	-8.72499972972021	
paul	-7.63671765522302	-7.338091321047717	-7.605630395651871	-7.437145441413572	
pavol	-7.63671765522302	-8.980319056304808	-8.176175254119483	-8.501856178406	
peace	-8.329864835782965	-8.469493432538817	-8.033074410478811	-8.165383941784787	
people	-6.42562738312822	-6.746726834797713	-6.507018106983761	-6.447732444710454	
perfect	-8.666337072404179	-7.439874015357659	-7.52224878671282	-7.508604405395716	
perform	-7.877879712039908	-7.9994898032930815	-8.033074410478811	-8.501856178406	
performance	-8.484015515610224	-8.133021195917605	-8.25621796179302	-8.165383941784787	
performing	-8.078550407502059	-7.827639546366422	-7.907911267524804	-8.031852549160265	
person	-7.877879712039908	-8.207129168071326	-8.033074410478811	-8.031852549160265	
phone	-8.196333443158442	-8.287171875744862	-8.34322933878265	-8.096391070297836	
photo	-7.877879712039908	-7.681036072174547	-7.907911267524804	-7.668947055470896	
pic	-5.919066158148687	-6.009904590735107	-6.096733712439648	-6.0770534526877045	
pick	-7.4425616407820625	-7.553202700664662	-7.850752853684856	-7.713398818041729	
picture	-7.790868335050279	-8.469493432538817	-8.438539518586975	-8.165383941784787	
pj	-8.078550407502059	-7.827639546366422	-7.96853588934124	-8.165383941784787	
place	-6.943570474663074	-6.9654160357625425	-6.890977009870962	-6.912620973289418	
places	-8.078550407502059	-8.133021195917605	-8.25621796179302	-8.406545998601676	
plan	-7.790868335050279	-7.9994898032930815	-8.25621796179302	-8.319534621612044	
plane	-7.710825627376742	-8.692636983853026	-8.438539518586975	-8.319534621612044	
planet	-8.196333443158442	-7.72755608780944	-7.907911267524804	-7.759918833676623	
plans	-7.877879712039908	-8.287171875744862	-8.34322933878265	-8.607216694063826	
play	-5.809866866183695	-6.035880077138367	-6.0871642614234975	-6.141002177287978	
played	-6.943570474663074	-7.4047826955463885	-7.307137407095874	-7.759918833676623	
player	-7.385403226942114	-7.476241659528534	-7.483028073559539	-7.546344733378564	
players	-7.503186262598498	-7.776346251978872	-7.563070781233075	-7.585565446531844	
playing	-6.538105366554911	-6.644944140487771	-6.64678004935892	-6.500376178195875	
playstation	-7.790868335050279	-8.064028324430653	-8.438539518586975	-8.607216694063826	
please	-7.63671765522302	-8.064028324430653	-8.34322933878265	-7.914069513503881	
pm	-6.908479154851805	-7.188559587076753	-7.2753887087812945	-7.40324388973789	
point	-7.710825627376742	-8.207129168071326	-7.96853588934124	-7.860002292233605	
points	-7.331336005671838	-7.827639546366422	-7.96853588934124	-8.031852549160265	
police	-7.877879712039908	-8.574853948196644	-8.176175254119483	-8.239491913938508	
pope	-7.973189891844233	-8.469493432538817	-8.34322933878265	-8.096391070297836	
port	-7.710825627376742	-7.8817067676366985	-7.850752853684856	-8.607216694063826	
post	-7.503186262598498	-7.553202700664662	-7.605630395651871	-7.759918833676623	
posted	-8.078550407502059	-8.469493432538817	-8.543900034244801	-8.607216694063826	
power	-7.877879712039908	-8.064028324430653	-7.96853588934124	-7.860002292233605	
practice	-7.056899159970078	-7.306342622733136	-7.408920101405816	-7.6263874410521	
premier	-7.710825627376742	-7.938865181476647	-7.96853588934124	-8.319534621612044	
preseason	-7.877879712039908	-8.207129168071326	-8.25621796179302	-8.239491913938508	
president	-7.231252547114856	-7.2457180009167015	-7.130206698936797	-7.437145441413572	
presidents	-8.196333443158442	-8.133021195917605	-8.25621796179302	-8.607216694063826	
presley	-7.877879712039908	-8.133021195917605	-8.438539518586975	-8.165383941784787	
pretty	-7.385403226942114	-7.338091321047717	-6.979924495887459	-7.020251637481784	
preview	-7.280042711284287	-7.553202700664662	-8.033074410478811	-8.031852549160265	
price	-7.877879712039908	-8.469493432538817	-8.102067281965763	-8.165383941784787	
pro	-8.196333443158442	-8.287171875744862	-8.34322933878265	-8.096391070297836	
psn	-8.196333443158442	-8.574853948196644	-8.949365142352965	-8.72499972972021	
qb	-7.790868335050279	-8.469493432538817	-8.176175254119483	-8.165383941784787	
quarter	-7.231252547114856	-7.594024695184917	-7.79668563241458	-7.759918833676623	
question	-7.877879712039908	-8.064028324430653	-8.438539518586975	-8.501856178406	
race	-7.63671765522302	-7.5139819875113805	-7.339927229918866	-7.40324388973789	
radio	-7.503186262598498	-7.681036072174547	-7.79668563241458	-7.860002292233605	
raiders	-7.710825627376742	-8.133021195917605	-8.543900034244801	-8.239491913938508	
rally	-8.329864835782965	-8.207129168071326	-8.102067281965763	-8.319534621612044	
ravens	-7.973189891844233	-7.72755608780944	-7.79668563241458	-7.971227927343829	
read	-7.331336005671838	-7.439874015357659	-7.4452877455766915	-7.437145441413572	
reading	-7.973189891844233	-7.938865181476647	-8.25621796179302	-8.031852549160265	
ready	-6.874577603176124	-6.495412406516808	-6.566737341685384	-6.500376178195875	
real	-6.720426923348865	-6.9008775146249715	-6.770832698028899	-6.872615638675719	
realized	-7.973189891844233	-8.207129168071326	-8.438539518586975	-8.239491913938508	
reason	-8.078550407502059	-8.207129168071326	-8.543900034244801	-8.096391070297836	
record	-7.710825627376742	-7.476241659528534	-7.6500821582227045	-7.668947055470896	
red	-6.810039082038553	-6.921930923822804	-6.829101606152875	-7.043241155706483	
release	-7.231252547114856	-7.72755608780944	-7.850752853684856	-8.031852549160265	
released	-7.503186262598498	-7.476241659528534	-7.605630395651871	-7.713398818041729	
remember	-7.097721154490333	-7.108516879403216	-7.103538451854635	-7.090869204695737	
report	-7.503186262598498	-7.9994898032930815	-8.176175254119483	-8.239491913938508	
republicans	-7.710825627376742	-8.574853948196644	-8.34322933878265	-8.031852549160265	
rest	-7.140280768909129	-7.306342622733136	-7.408920101405816	-7.249093209910631	
return	-7.710825627376742	-7.776346251978872	-7.79668563241458	-7.914069513503881	
revolution	-8.329864835782965	-8.207129168071326	-8.176175254119483	-8.501856178406	
rich	-7.710825627376742	-7.9994898032930815	-8.34322933878265	-8.096391070297836	
rick	-7.877879712039908	-8.374183252734491	-8.543900034244801	-8.319534621612044	
ricky	-7.973189891844233	-8.064028324430653	-8.176175254119483	-8.165383941784787	
rider	-7.280042711284287	-8.374183252734491	-8.102067281965763	-7.713398818041729	
right	-7.567724783736069	-7.8817067676366985	-8.25621796179302	-7.713398818041729	
rise	-8.196333443158442	-7.9994898032930815	-8.25621796179302	-8.031852549160265	
rivers	-7.710825627376742	-8.374183252734491	-8.176175254119483	-8.096391070297836	
road	-7.385403226942114	-7.827639546366422	-7.850752853684856	-7.914069513503881	
robertson	-8.078550407502059	-8.469493432538817	-8.102067281965763	-8.239491913938508	
rock	-8.196333443158442	-7.636584309603713	-7.696602173857598	-7.759918833676623	
rodeo	-8.484015515610224	-8.207129168071326	-8.102067281965763	-8.239491913938508	
rodgers	-7.973189891844233	-8.207129168071326	-8.102067281965763	-8.096391070297836	
roger	-7.567724783736069	-7.8817067676366985	-7.907911267524804	-7.971227927343829	
roll	-8.484015515610224	-8.133021195917605	-8.25621796179302	-8.406545998601676	
romo	-7.710825627376742	-7.938865181476647	-8.033074410478811	-8.031852549160265	
room	-7.331336005671838	-7.5139819875113805	-7.605630395651871	-7.437145441413572	
rooney	-7.790868335050279	-8.133021195917605	-8.25621796179302	-8.406545998601676	
rose	-7.877879712039908	-8.133021195917605	-8.25621796179302	-8.319534621612044	
round	-7.097721154490333	-7.108516879403216	-7.103538451854635	-7.090869204695737	
row	-8.329864835782965	-8.207129168071326	-8.34322933878265	-8.096391070297836	
royal	-7.877879712039908	-7.9994898032930815	-8.34322933878265	-8.406545998601676	
rt	-5.821427688584771	-5.968057480799606	-6.031594410268687	-5.992256916027627	
rudd	-7.4425616407820625	-7.9994898032930815	-8.25621796179302	-7.713398818041729	
rugby	-7.017678446816797	-7.681036072174547	-7.4452877455766915	-7.472236761224841	
running	-7.567724783736069	-8.207129168071326	-7.96853588934124	-7.971227927343829	
russia	-7.790868335050279	-8.692636983853026	-8.176175254119483	-8.031852549160265	
ryan	-7.973189891844233	-8.064028324430653	-8.176175254119483	-8.165383941784787	
s	-7.097721154490333	-7.188559587076753	-7.373828781594547	-7.338705368600319	
sad	-7.184732531479963	-8.692636983853026	-7.563070781233075	-7.585565446531844	
safe	-7.567724783736069	-7.476241659528534	-7.696602173857598	-7.585565446531844	
sale	-7.4425616407820625	-7.5139819875113805	-7.6500821582227045	-7.808708997846054	
san	-7.017678446816797	-7.161160612888638	-7.2753887087812945	-7.668947055470896	
sanchez	-7.503186262598498	-7.776346251978872	-7.850752853684856	-8.031852549160265	
sandy	-8.078550407502059	-8.133021195917605	-8.176175254119483	-8.031852549160265	
santos	-8.196333443158442	-8.207129168071326	-8.25621796179302	-8.501856178406	
sarah	-8.666337072404179	-7.938865181476647	-7.79668563241458	-7.971227927343829	
sat	-5.869055737574025	-6.207730334065026	-6.11615179829675	-6.122310044275825	
saturday	-4.99257125610029	-5.068296050876661	-5.1576283027993215	-5.1625342004619315	
saturdays	-8.078550407502059	-8.287171875744862	-8.176175254119483	-8.607216694063826	
scheduled	-7.503186262598498	-7.776346251978872	-7.907911267524804	-8.406545998601676	
school	-6.491585350920017	-6.729027257698313	-6.582241528221349	-6.513981830251654	
score	-7.710825627376742	-7.938865181476647	-8.438539518586975	-8.096391070297836	
scored	-7.973189891844233	-8.374183252734491	-8.25621796179302	-8.239491913938508	
scotland	-8.078550407502059	-8.374183252734491	-7.907911267524804	-7.914069513503881	
scott	-7.790868335050279	-8.207129168071326	-8.34322933878265	-8.031852549160265	
season	-5.869055737574025	-5.859423639796811	-5.889094347661404	-6.0169495286179995	
second	-7.4425616407820625	-7.72755608780944	-7.605630395651871	-7.759918833676623	
see	-8.484015515610224	-8.287171875744862	-8.25621796179302	-8.239491913938508	
send	-8.078550407502059	-8.207129168071326	-8.438539518586975	-8.406545998601676	
senior	-7.877879712039908	-8.287171875744862	-8.543900034244801	-8.406545998601676	
sense	-7.877879712039908	-8.826168376477549	-8.25621796179302	-8.239491913938508	
sept	-7.567724783736069	-7.5139819875113805	-7.74539233802703	-7.759918833676623	
september	-7.056899159970078	-7.108516879403216	-7.157605673124911	-7.307933709933565	
series	-7.973189891844233	-7.681036072174547	-7.850752853684856	-7.808708997846054	
seriously	-8.484015515610224	-8.374183252734491	-8.033074410478811	-8.165383941784787	
service	-7.710825627376742	-8.469493432538817	-8.25621796179302	-8.406545998601676	
session	-8.196333443158442	-7.9994898032930815	-8.176175254119483	-8.319534621612044	
set	-6.447133588349184	-6.7830944789685885	-7.003454993297653	-6.933240260492155	
shit	-6.491585350920017	-7.5139819875113805	-6.809298978856695	-6.710096709177945	
shop	-7.790868335050279	-8.207129168071326	-8.543900034244801	-8.607216694063826	
shopping	-8.329864835782965	-8.207129168071326	-8.102067281965763	-8.319534621612044	
shore	-8.329864835782965	-8.133021195917605	-8.176175254119483	-8.096391070297836	
short	-7.790868335050279	-8.469493432538817	-8.25621796179302	-8.319534621612044	
shot	-7.4425616407820625	-7.636584309603713	-7.6500821582227045	-7.668947055470896	
show	-7.790868335050279	-7.370881143870707	-7.307137407095874	-7.307933709933565	
side	-8.078550407502059	-7.476241659528534	-7.4452877455766915	-7.585565446531844	
sign	-7.63671765522302	-7.938865181476647	-8.102067281965763	-8.031852549160265	
signed	-7.877879712039908	-7.938865181476647	-8.176175254119483	-7.971227927343829	
silva	-7.877879712039908	-7.776346251978872	-7.79668563241458	-7.971227927343829	
singapore	-7.973189891844233	-8.064028324430653	-8.661683069901185	-8.239491913938508	
singing	-8.078550407502059	-8.287171875744862	-8.176175254119483	-8.096391070297836	
single	-7.877879712039908	-8.064028324430653	-8.033074410478811	-7.971227927343829	
sky	-8.196333443158442	-8.287171875744862	-8.34322933878265	-8.319534621612044	
sleep	-7.503186262598498	-7.5139819875113805	-7.339927229918866	-7.278080746783884	
sm	-9.582627804278333	-7.9994898032930815	-8.033074410478811	-8.031852549160265	
smh	-7.790868335050279	-8.826168376477549	-8.176175254119483	-8.165383941784787	
smith	-8.484015515610224	-8.207129168071326	-8.25621796179302	-8.319534621612044	
so	-7.63671765522302	-7.681036072174547	-7.850752853684856	-7.713398818041729	
social	-7.4425616407820625	-7.476241659528534	-7.605630395651871	-7.759918833676623	
son	-7.877879712039908	-8.064028324430653	-8.176175254119483	-7.860002292233605	
song	-7.184732531479963	-6.7830944789685885	-6.752140565016746	-6.815457224835771	
songs	-8.196333443158442	-7.938865181476647	-7.850752853684856	-8.096391070297836	
sons	-8.484015515610224	-7.8817067676366985	-7.850752853684856	-8.031852549160265	
soon	-7.280042711284287	-7.938865181476647	-7.850752853684856	-7.6263874410521	
soul	-8.196333443158442	-8.287171875744862	-8.438539518586975	-8.239491913938508	
sound	-7.63671765522302	-7.476241659528534	-7.52224878671282	-7.585565446531844	
sounds	-7.973189891844233	-7.827639546366422	-7.96853588934124	-7.713398818041729	
south	-7.097721154490333	-7.553202700664662	-7.563070781233075	-7.6263874410521	
special	-7.63671765522302	-7.553202700664662	-7.563070781233075	-7.713398818041729	
speech	-7.790868335050279	-8.287171875744862	-7.96853588934124	-8.096391070297836	
spend	-7.790868335050279	-8.064028324430653	-8.25621796179302	-8.031852549160265	
spirit	-7.385403226942114	-8.207129168071326	-8.176175254119483	-7.971227927343829	
sports	-7.567724783736069	-7.8817067676366985	-7.850752853684856	-7.860002292233605	
spurs	-7.385403226942114	-7.776346251978872	-7.96853588934124	-7.713398818041729	
squad	-8.196333443158442	-8.064028324430653	-8.34322933878265	-8.319534621612044	
st	-6.841787780353132	-7.058506458828555	-7.103538451854635	-7.16685511167366	
stadium	-7.63671765522302	-8.064028324430653	-8.033074410478811	-8.406545998601676	
stage	-8.196333443158442	-7.72755608780944	-7.850752853684856	-7.971227927343829	
star	-7.056899159970078	-7.083199071418926	-7.027552544876713	-7.307933709933565	
stars	-7.231252547114856	-7.439874015357659	-7.850752853684856	-7.6263874410521	
start	-6.514574869144717	-6.441345185246532	-6.437059518376851	-6.52777515238399	
started	-7.877879712039908	-7.827639546366422	-7.850752853684856	-7.860002292233605	
starting	-7.503186262598498	-7.439874015357659	-7.408920101405816	-7.472236761224841	
starts	-7.017678446816797	-7.1344923658064765	-7.2753887087812945	-7.1935233587558205	
state	-6.538105366554911	-6.6289437991413305	-6.7898808929995935	-6.761390003565495	
stay	-7.790868335050279	-7.5139819875113805	-7.52224878671282	-7.585565446531844	
steelers	-8.196333443158442	-7.8817067676366985	-7.850752853684856	-8.165383941784787	
steve	-7.140280768909129	-7.553202700664662	-7.483028073559539	-7.338705368600319	
store	-8.484015515610224	-8.133021195917605	-8.102067281965763	-8.319534621612044	
storm	-7.4425616407820625	-7.9994898032930815	-8.543900034244801	-8.239491913938508	
story	-7.503186262598498	-7.827639546366422	-8.102067281965763	-8.096391070297836	
straight	-7.973189891844233	-8.207129168071326	-8.102067281965763	-8.319534621612044	
street	-7.710825627376742	-8.207129168071326	-8.102067281965763	-7.914069513503881	
strong	-8.329864835782965	-8.207129168071326	-8.25621796179302	-8.165383941784787	
studio	-7.877879712039908	-7.636584309603713	-7.850752853684856	-7.759918833676623	
stuff	-7.877879712039908	-7.8817067676366985	-7.850752853684856	-7.668947055470896	
style	-8.196333443158442	-8.374183252734491	-8.25621796179302	-8.319534621612044	
summerslam	-7.877879712039908	-8.287171875744862	-8.543900034244801	-8.406545998601676	
sun	-5.821427688584771	-5.91226612117119	-6.077685517468954	-6.008650725803304	
sunday	-5.060839227229293	-5.064968260783987	-5.099217540642907	-5.094014254025176	
sundays	-7.503186262598498	-8.064028324430653	-7.696602173857598	-7.914069513503881	
super	-6.9799381188339495	-6.6289437991413305	-6.663587167675302	-6.726903827494326	
superbowl	-7.973189891844233	-8.287171875744862	-8.25621796179302	-8.319534621612044	
support	-8.329864835782965	-7.161160612888638	-7.157605673124911	-7.16685511167366	
sure	-7.140280768909129	-6.801786611980741	-6.7898808929995935	-6.7790895806648965	
surprise	-8.196333443158442	-7.8817067676366985	-8.176175254119483	-8.031852549160265	
sweet	-8.889480623718388	-7.8817067676366985	-7.79668563241458	-7.808708997846054	
takes	-7.973189891844233	-8.133021195917605	-8.543900034244801	-8.239491913938508	
talk	-6.810039082038553	-7.2457180009167015	-7.483028073559539	-7.16685511167366	
talking	-7.4425616407820625	-7.8817067676366985	-7.696602173857598	-7.808708997846054	
talks	-7.710825627376742	-8.374183252734491	-8.102067281965763	-8.72499972972021	
tampa	-7.63671765522302	-7.827639546366422	-7.907911267524804	-7.971227927343829	
taylor	-7.331336005671838	-7.681036072174547	-7.52224878671282	-7.472236761224841	
team	-6.2684417996058075	-6.239479032379607	-6.275216492926437	-6.30463160106978	
teams	-7.877879712039908	-7.938865181476647	-7.96853588934124	-7.971227927343829	
test	-7.280042711284287	-7.681036072174547	-7.74539233802703	-7.668947055470896	
that	-7.385403226942114	-7.161160612888638	-7.244617050114541	-7.140879625270399	
the	-6.810039082038553	-7.0108784098393	-7.214764086964859	-7.307933709933565	
theatre	-7.4425616407820625	-7.108516879403216	-7.1857765500916075	-7.307933709933565	
them	-7.973189891844233	-7.8817067676366985	-7.696602173857598	-7.6263874410521	
then	-8.196333443158442	-7.776346251978872	-7.74539233802703	-7.860002292233605	
there	-7.280042711284287	-6.880258227422236	-6.979924495887459	-6.933240260492155	
thing	-6.749414460222117	-7.0108784098393	-6.890977009870962	-6.815457224835771	
things	-7.184732531479963	-7.306342622733136	-7.339927229918866	-7.370454066914899	
thinking	-7.710825627376742	-7.8817067676366985	-8.102067281965763	-7.713398818041729	
third	-7.877879712039908	-8.064028324430653	-8.102067281965763	-8.607216694063826	
this	-7.63671765522302	-7.553202700664662	-7.373828781594547	-7.338705368600319	
tho	-8.329864835782965	-7.681036072174547	-7.605630395651871	-7.6263874410521	
though	-7.710825627376742	-7.9994898032930815	-7.563070781233075	-7.546344733378564	
thought	-7.017678446816797	-7.275570964066382	-7.52224878671282	-7.115561817286109	
three	-7.710825627376742	-7.9994898032930815	-7.907911267524804	-8.319534621612044	
throw	-7.790868335050279	-8.469493432538817	-8.34322933878265	-8.239491913938508	
thurs	-7.790868335050279	-8.207129168071326	-8.102067281965763	-8.501856178406	
thursday	-5.5050903603726145	-5.678328324726101	-5.6912686043314835	-5.841596641140138	
thursdays	-8.078550407502059	-7.9994898032930815	-8.176175254119483	-8.406545998601676	
ticket	-7.973189891844233	-7.681036072174547	-7.907911267524804	-7.759918833676623	
tickets	-6.286790938274004	-6.468013432328693	-6.551469869554595	-6.677306886354954	
tiger	-7.790868335050279	-8.207129168071326	-8.34322933878265	-8.239491913938508	
tigers	-8.196333443158442	-8.207129168071326	-8.438539518586975	-8.096391070297836	
till	-7.140280768909129	-7.188559587076753	-7.214764086964859	-7.1935233587558205	
tim	-7.63671765522302	-8.374183252734491	-7.96853588934124	-8.165383941784787	
time	-5.050028311125078	-5.11608671471301	-5.020812834973609	-5.09733100665117	
times	-7.140280768909129	-7.275570964066382	-7.339927229918866	-7.16685511167366	
tired	-7.710825627376742	-8.826168376477549	-8.176175254119483	-8.031852549160265	
title	-7.973189891844233	-8.133021195917605	-8.34322933878265	-8.165383941784787	
tix	-8.196333443158442	-8.207129168071326	-8.34322933878265	-8.165383941784787	
to	-7.4425616407820625	-7.5139819875113805	-7.605630395651871	-7.585565446531844	
today	-5.018279612810497	-5.078346386730163	-5.057544844242339	-5.029889725855637	
todays	-7.877879712039908	-8.064028324430653	-8.033074410478811	-8.165383941784787	
told	-7.385403226942114	-8.064028324430653	-7.96853588934124	-7.6263874410521	
tom	-7.567724783736069	-7.439874015357659	-7.52224878671282	-7.668947055470896	
tomorrow	-3.9144725072652835	-3.8865688554980453	-3.8963091323727577	-3.870044061471487	
tomorrows	-7.710825627376742	-7.636584309603713	-7.563070781233075	-7.472236761224841	
tonga	-8.484015515610224	-8.207129168071326	-8.25621796179302	-8.319534621612044	
tonight	-4.886703255021778	-4.758363369490061	-4.742188049634338	-4.759435957364033	
tonights	-7.567724783736069	-7.636584309603713	-7.696602173857598	-7.808708997846054	
tonite	-8.196333443158442	-8.287171875744862	-8.102067281965763	-8.319534621612044	
tony	-7.790868335050279	-8.287171875744862	-8.25621796179302	-8.239491913938508	
too	-7.503186262598498	-7.216730464043449	-7.1857765500916075	-7.16685511167366	
top	-6.779267423371799	-6.9008775146249715	-7.130206698936797	-6.997778781629726	
total	-8.078550407502059	-8.287171875744862	-8.102067281965763	-8.72499972972021	
totally	-8.329864835782965	-8.287171875744862	-8.25621796179302	-8.096391070297836	
tottenham	-7.567724783736069	-8.287171875744862	-8.438539518586975	-8.319534621612044	
tough	-7.877879712039908	-8.574853948196644	-8.543900034244801	-8.165383941784787	
tour	-7.4425616407820625	-7.2457180009167015	-7.214764086964859	-7.307933709933565	
tournament	-8.484015515610224	-8.133021195917605	-8.176175254119483	-8.501856178406	
town	-7.280042711284287	-7.439874015357659	-7.605630395651871	-7.338705368600319	
trailer	-7.790868335050279	-7.938865181476647	-7.907911267524804	-8.607216694063826	
train	-7.63671765522302	-8.064028324430653	-8.34322933878265	-7.914069513503881	
training	-7.385403226942114	-7.8817067676366985	-7.96853588934124	-8.096391070297836	
trayvon	-7.385403226942114	-8.133021195917605	-8.34322933878265	-7.914069513503881	
treat	-8.196333443158442	-7.938865181476647	-8.176175254119483	-7.971227927343829	
trending	-8.078550407502059	-8.287171875744862	-7.96853588934124	-8.096391070297836	
trial	-7.710825627376742	-8.287171875744862	-8.795214462525708	-8.72499972972021	
trip	-7.710825627376742	-7.776346251978872	-8.033074410478811	-8.031852549160265	
true	-7.280042711284287	-7.275570964066382	-7.483028073559539	-7.140879625270399	
tues	-7.63671765522302	-8.064028324430653	-7.907911267524804	-8.319534621612044	
tuesday	-5.906327132371257	-6.089947298408643	-6.096733712439648	-6.199271085411954	
tune	-8.078550407502059	-8.133021195917605	-8.34322933878265	-8.319534621612044	
turn	-7.790868335050279	-7.938865181476647	-7.850752853684856	-7.668947055470896	
tv	-6.612213338708632	-6.6289437991413305	-6.613990226535929	-6.6300540015044085	
tweet	-7.140280768909129	-7.275570964066382	-7.563070781233075	-7.249093209910631	
twilight	-8.329864835782965	-8.374183252734491	-8.25621796179302	-8.239491913938508	
twitter	-5.821427688584771	-5.90454407507728	-5.962001118469492	-5.906601471449134	
u	-7.567724783736069	-7.636584309603713	-7.74539233802703	-7.759918833676623	
ufc	-8.196333443158442	-8.287171875744862	-8.25621796179302	-8.72499972972021	
uk	-7.790868335050279	-7.776346251978872	-7.79668563241458	-7.860002292233605	
united	-7.385403226942114	-7.8817067676366985	-7.96853588934124	-8.096391070297836	
university	-7.790868335050279	-7.938865181476647	-8.34322933878265	-8.096391070297836	
up	-6.908479154851805	-7.083199071418926	-7.027552544876713	-6.892418265971899	
update	-8.078550407502059	-8.207129168071326	-8.34322933878265	-8.501856178406	
ur	-7.877879712039908	-7.827639546366422	-8.102067281965763	-7.971227927343829	
us	-7.877879712039908	-7.553202700664662	-7.52224878671282	-7.508604405395716	
usa	-7.973189891844233	-8.287171875744862	-8.34322933878265	-8.501856178406	
valentine	-7.790868335050279	-8.133021195917605	-8.543900034244801	-8.165383941784787	
valentines	-7.503186262598498	-7.306342622733136	-7.1857765500916075	-7.16685511167366	
valley	-8.196333443158442	-8.374183252734491	-8.438539518586975	-8.406545998601676	
valor	-8.196333443158442	-8.133021195917605	-8.176175254119483	-7.971227927343829	
vampire	-8.666337072404179	-8.064028324430653	-8.176175254119483	-8.031852549160265	
vegas	-8.078550407502059	-7.776346251978872	-7.79668563241458	-7.713398818041729	
video	-6.779267423371799	-6.9654160357625425	-6.890977009870962	-7.020251637481784	
visit	-7.973189891844233	-7.338091321047717	-7.339927229918866	-7.437145441413572	
vita	-7.790868335050279	-7.9994898032930815	-8.34322933878265	-8.501856178406	
vitali	-7.973189891844233	-8.374183252734491	-8.661683069901185	-8.72499972972021	
voice	-7.973189891844233	-8.692636983853026	-8.033074410478811	-8.031852549160265	
vote	-7.280042711284287	-7.338091321047717	-7.605630395651871	-7.338705368600319	
voting	-7.790868335050279	-8.207129168071326	-8.34322933878265	-8.239491913938508	
vs	-6.841787780353132	-6.987888891614602	-7.077562965451374	-7.472236761224841	
w/	-7.184732531479963	-7.216730464043449	-7.339927229918866	-7.1935233587558205	
wait	-6.562202918133971	-5.7031743233126315	-5.593630134767568	-5.62265772110796	
waiting	-7.877879712039908	-8.133021195917605	-7.850752853684856	-7.759918833676623	
walk	-7.503186262598498	-7.776346251978872	-7.96853588934124	-8.096391070297836	
walker	-8.329864835782965	-8.207129168071326	-8.25621796179302	-8.165383941784787	
wanna	-6.779267423371799	-7.058506458828555	-7.052245157467085	-6.97579987491095	
wanted	-7.973189891844233	-8.064028324430653	-8.033074410478811	-7.914069513503881	
washington	-7.140280768909129	-7.188559587076753	-7.373828781594547	-7.508604405395716	
watch	-5.721898093237738	-5.7351259231192335	-5.77131131200502	-5.729267456166219	
watched	-6.943570474663074	-7.275570964066382	-7.157605673124911	-7.066771653116677	
watching	-6.0861202428118535	-6.009904590735107	-6.031594410268687	-5.914092143178292	
water	-7.973189891844233	-8.133021195917605	-8.34322933878265	-8.406545998601676	
way	-8.484015515610224	-7.8817067676366985	-7.96853588934124	-7.914069513503881	
we	-7.790868335050279	-7.827639546366422	-7.74539233802703	-7.713398818041729	
wear	-8.078550407502059	-8.207129168071326	-8.795214462525708	-8.165383941784787	
weather	-8.484015515610224	-8.287171875744862	-8.25621796179302	-8.239491913938508	
wed	-7.877879712039908	-8.469493432538817	-8.176175254119483	-8.319534621612044	
wednesday	-6.116891901478607	-6.341261726689549	-6.437059518376851	-6.2611464891300415	
week	-6.363751979410132	-6.306170406878279	-6.359097976907139	-6.486953157863735	
weekend	-6.664857072194055	-6.441345185246532	-6.597989885189488	-6.584933566223938	
weird	-7.973189891844233	-8.469493432538817	-8.543900034244801	-8.165383941784787	
well	-6.101387714942642	-6.099249691070956	-5.987534420474656	-5.936906820944463	
west	-7.973189891844233	-7.594024695184917	-7.74539233802703	-7.713398818041729	
what	-8.078550407502059	-8.287171875744862	-7.96853588934124	-7.914069513503881	
white	-6.612213338708632	-7.058506458828555	-7.077562965451374	-7.090869204695737	
wichita	-7.63671765522302	-7.827639546366422	-7.850752853684856	-7.860002292233605	
wild	-7.877879712039908	-7.827639546366422	-8.033074410478811	-8.031852549160265	
will	-4.488877603471571	-4.615099539947307	-4.691391156349063	-4.729095240311361	
williams	-7.056899159970078	-7.2457180009167015	-7.483028073559539	-7.220922332943935	
win	-6.286790938274004	-6.027146397169613	-6.049776729351877	-6.0004202266667885	
winans	-8.196333443158442	-8.133021195917605	-8.25621796179302	-8.096391070297836	
windows	-7.63671765522302	-8.469493432538817	-8.34322933878265	-8.406545998601676	
winner	-7.973189891844233	-7.938865181476647	-7.96853588934124	-8.096391070297836	
winning	-8.078550407502059	-7.827639546366422	-7.96853588934124	-7.808708997846054	
wins	-7.877879712039908	-7.553202700664662	-7.605630395651871	-7.668947055470896	
winter	-7.63671765522302	-8.207129168071326	-8.25621796179302	-8.239491913938508	
wisconsin	-8.196333443158442	-8.374183252734491	-8.438539518586975	-8.406545998601676	
with	-8.196333443158442	-7.938865181476647	-8.102067281965763	-8.239491913938508	
woman	-7.790868335050279	-7.9994898032930815	-7.96853588934124	-7.808708997846054	
won	-7.877879712039908	-7.188559587076753	-7.244617050114541	-7.249093209910631	
wonder	-7.4425616407820625	-8.064028324430653	-8.34322933878265	-7.914069513503881	
woods	-7.877879712039908	-8.207129168071326	-8.438539518586975	-8.319534621612044	
word	-7.385403226942114	-7.9994898032930815	-8.102067281965763	-7.860002292233605	
work	-6.21533197429186	-6.36535927826861	-6.286777315327513	-6.30463160106978	
working	-7.63671765522302	-7.681036072174547	-7.563070781233075	-7.860002292233605	
world	-8.329864835782965	-7.9994898032930815	-8.102067281965763	-8.096391070297836	
worldwide	-8.666337072404179	-8.374183252734491	-8.033074410478811	-8.096391070297836	
wow	-8.666337072404179	-7.72755608780944	-7.605630395651871	-7.6263874410521	
wrong	-7.973189891844233	-8.826168376477549	-8.033074410478811	-8.165383941784787	
xd	-8.666337072404179	-8.064028324430653	-7.96853588934124	-8.239491913938508	
xx	-8.889480623718388	-7.9994898032930815	-8.102067281965763	-8.096391070297836	
ya	-8.329864835782965	-7.776346251978872	-7.696602173857598	-7.713398818041729	
yall	-7.503186262598498	-7.594024695184917	-7.4452877455766915	-7.40324388973789	
yay	-9.17716269617017	-7.776346251978872	-7.79668563241458	-7.860002292233605	
yeah	-7.710825627376742	-7.338091321047717	-7.307137407095874	-7.278080746783884	
year	-6.491585350920017	-6.454590411996552	-6.492629369531662	-6.434993418933024	
years	-6.720426923348865	-6.9654160357625425	-6.95693497766276	-6.933240260492155	
yes	-8.484015515610224	-7.553202700664662	-7.605630395651871	-7.585565446531844	
yesterday	-6.841787780353132	-7.216730464043449	-6.890977009870962	-6.954293669689987	
yet	-7.056899159970078	-7.594024695184917	-7.52224878671282	-7.338705368600319	
yo	-8.329864835782965	-8.287171875744862	-8.34322933878265	-8.239491913938508	
york	-6.779267423371799	-7.034408907249494	-7.027552544876713	-7.546344733378564	
you	-6.612213338708632	-6.468013432328693	-6.3973191897273365	-6.338533152745462	
youll	-8.078550407502059	-7.72755608780944	-7.79668563241458	-7.759918833676623	
young	-7.280042711284287	-7.216730464043449	-7.244617050114541	-7.220922332943935	
youve	-9.17716269617017	-8.133021195917605	-8.102067281965763	-8.319534621612044	
yushin	-7.973189891844233	-8.287171875744862	-8.438539518586975	-8.406545998601676	
zap	-7.973189891844233	-8.469493432538817	-8.438539518586975	-10.804441271400046	
zimmerman	-7.503186262598498	-8.287171875744862	-8.795214462525708	-8.165383941784787	
|	-7.331336005671838	-7.370881143870707	-7.339927229918866	-7.508604405395716	
	-9.17716269617017	-8.980319056304808	-8.795214462525708	-9.01268180217199	


Time taken to build model: 0.03 seconds

=== Stratified cross-validation ===
=== Summary ===

Correctly Classified Instances        3992               55.2144 %
Incorrectly Classified Instances      3238               44.7856 %
Kappa statistic                          0.3552
Mean absolute error                      0.2239
Root mean squared error                  0.4732
Relative absolute error                 64.6673 %
Root relative squared error            113.7283 %
Total Number of Instances             7230     

=== Detailed Accuracy By Class ===

               TP Rate   FP Rate   Precision   Recall  F-Measure   ROC Area  Class
                 0.733     0.232      0.724     0.733     0.729      0.75     positive
                 0.537     0.144      0.448     0.537     0.489      0.696    negative
                 0.231     0.111      0.362     0.231     0.282      0.56     neutral
                 0.481     0.136      0.389     0.481     0.43       0.672    objective
Weighted Avg.    0.552     0.176      0.546     0.552     0.545      0.688

=== Confusion Matrix ===

    a    b    c    d   <-- classified as
 2408  347  226  303 |    a = positive
  297  694  183  119 |    b = negative
  417  359  358  413 |    c = neutral
  203  148  223  532 |    d = objective

